100 2500 100 2600
1 w 254.208462 386.058383 10.000000 1 6 0.486477
1 w 56.696148 129.468833 10.000000 1 6 0.409812
1 t 255.954863 388.654220 6 11.006357
1 t 253.687317 383.400351 6 10.047462
1 t 254.830036 384.524523 6 13.224216
1 t 254.182769 387.361408 6 1.000000
1 t 253.898438 389.466010 6 11.061585
1 t 256.782687 383.916429 6 16.334127
1 t 252.184690 388.691445 6 10.576110
1 t 255.434478 386.343092 6 15.895885
1 t 251.949863 385.290661 6 9.368241
1 t 257.255834 387.534705 6 11.702605
1 t 254.182529 388.936884 6 17.929797
1 t 252.524898 382.394647 6 11.882523
1 t 253.733129 387.925440 6 7.981197
1 t 254.343921 384.783377 6 7.335896
1 t 250.703868 386.800264 6 7.369945
1 t 252.683096 386.458543 6 10.334269
1 t 257.543862 388.214206 6 10.200040
1 t 255.315788 386.479381 6 11.006357
1 t 254.117729 387.171527 6 10.047462
1 t 255.033397 385.030186 6 13.224216
1 t 255.076910 387.527287 6 1.000000
1 t 254.522165 385.614652 6 11.061585
1 t 254.813668 385.654249 6 16.334127
1 t 255.004745 387.067363 6 10.576110
1 t 253.983018 384.968593 6 15.895885
1 t 58.834985 130.783044 6 9.788793
1 t 59.331153 133.210177 6 9.001605
1 t 59.554319 131.095303 6 13.465053
1 t 53.225942 132.394013 6 11.464689
1 t 55.645247 129.919750 6 8.030726
1 t 55.276230 131.839411 6 3.333313
1 t 57.703213 130.840102 6 6.561838
1 t 57.154305 127.740065 6 12.119125
1 t 56.677414 131.754204 6 12.654403
1 t 59.898351 132.016244 6 12.092088
1 t 55.226433 131.053615 6 8.724278
1 t 59.847984 126.816692 6 12.738784
1 t 56.540826 125.821718 6 6.706504
1 t 59.048808 131.856918 6 8.075432
1 t 59.283877 126.825303 6 4.450746
1 t 57.139010 127.012849 6 6.114315
1 t 52.947200 127.349890 6 9.958519
1 t 57.369057 130.657646 6 10.334269
1 t 57.043307 129.980724 6 10.200040
1 t 57.182243 130.709027 6 12.733220
1 t 56.482452 129.475753 6 6.346789
1 t 55.820274 129.913284 6 6.830511
1 t 56.030322 130.402765 6 8.788169
1 t 55.843520 129.013535 6 10.394694
1 t 55.831069 128.894955 6 12.295264
2 w 226.237150 459.182043 10.000000 1 6 0.436341
2 w 280.039595 4.385372 10.000000 1 6 0.470966
2 w 218.967287 93.691883 10.000000 1 6 0.544194
2 t 228.197457 461.322881 6 17.271413
2 t 223.278459 462.830713 6 10.648833
2 t 228.369836 462.848620 6 8.516817
2 t 226.954591 459.254007 6 19.980763
2 t 225.419339 462.287780 6 8.103383
2 t 229.064548 462.122949 6 10.324739
2 t 223.164817 456.536145 6 13.519256
2 t 226.200000 459.042146 6 13.437905
2 t 224.664960 459.158194 6 12.318092
2 t 223.985759 460.859596 6 9.754124
2 t 224.070165 455.554187 6 9.909489
2 t 225.817693 461.928985 6 10.904841
2 t 228.515744 461.028796 6 4.386309
2 t 228.742453 456.016449 6 7.372969
2 t 222.751412 459.334026 6 8.500608
2 t 224.059095 458.893535 6 13.426882
2 t 229.790791 460.957103 6 15.647990
2 t 226.079995 460.330515 6 12.559236
2 t 224.798136 457.916953 6 4.652100
2 t 226.512144 459.321589 6 12.129022
2 t 227.546739 458.252063 6 1.597847
2 t 226.373261 459.306172 6 6.491030
2 t 227.102110 459.719115 6 9.788793
2 t 227.285164 459.811380 6 9.001605
2 t 226.793566 460.139196 6 13.465053
2 t 283.166517 7.442324 6 9.664333
2 t 279.436251 4.612776 6 14.978210
2 t 278.393610 7.275614 6 8.448986
2 t 277.076473 2.880222 6 10.147228
2 t 281.891803 4.307301 6 4.703727
2 t 278.004751 1.030735 6 8.220791
2 t 281.866649 7.494714 6 6.760644
2 t 277.681538 7.842297 6 13.106429
2 t 277.461635 5.705615 6 5.256577
2 t 281.573235 6.555446 6 10.656415
2 t 281.443657 0.944835 6 10.308282
2 t 282.499055 3.189044 6 7.906822
2 t 278.903589 3.669385 6 5.524033
2 t 277.569693 6.672026 6 7.719779
2 t 277.521310 3.329087 6 8.161997
2 t 279.575753 6.224832 6 3.755303
2 t 282.921122 4.167564 6 18.093632
2 t 281.274629 4.699048 6 8.724278
2 t 280.202231 3.624042 6 12.738784
2 t 280.254250 3.279932 6 6.706504
2 t 278.948306 5.577344 6 8.075432
2 t 281.375856 5.566052 6 4.450746
2 t 280.793515 4.589648 6 6.114315
2 t 278.892044 2.902774 6 9.958519
2 t 280.844670 3.082755 6 11.795717
2 t 219.673260 94.823626 6 10.647807
2 t 219.926968 91.336242 6 11.167738
2 t 222.575098 94.096086 6 6.975307
2 t 222.334169 91.218332 6 9.691462
2 t 221.322335 91.358387 6 7.284605
2 t 216.008399 90.701089 6 10.789339
2 t 219.080892 94.751061 6 12.690300
2 t 220.566441 96.149474 6 14.029185
2 t 216.487047 94.083645 6 11.405520
2 t 216.515425 90.199754 6 6.822326
2 t 221.433895 95.823507 6 6.686833
2 t 222.182215 95.159008 6 9.746759
2 t 221.137348 94.094528 6 5.880005
2 t 221.505574 93.336984 6 13.052504
2 t 221.316741 95.764244 6 13.249479
2 t 222.685686 90.978661 6 9.827966
2 t 221.472392 91.936752 6 4.635592
2 t 219.979494 94.380716 6 8.855781
2 t 218.853690 93.493890 6 9.214173
2 t 220.151711 93.539769 6 6.194181
2 t 217.695131 92.772107 6 12.898254
2 t 218.964790 93.068134 6 10.519322
2 t 220.296074 95.000570 6 5.826088
2 t 217.539890 93.515236 6 7.672809
2 t 220.067186 92.783672 6 12.670845
3 w 398.396414 128.810243 10.000000 1 6 0.510715
3 w 79.388738 383.472429 10.000000 1 6 0.521276
3 w 211.109277 433.864628 10.000000 1 6 0.531030
3 w 434.859688 244.787293 10.000000 1 6 0.569810
3 w 275.279260 104.654872 10.000000 1 6 0.491676
3 w 93.698339 232.413699 10.000000 1 6 0.525997
3 t 400.830856 127.192579 6 14.525558
3 t 398.921137 132.269019 6 5.331229
3 t 397.754524 130.062394 6 9.887048
3 t 396.757558 130.322336 6 6.951474
3 t 394.655649 127.509531 6 9.361051
3 t 398.211128 128.299699 6 11.470141
3 t 398.688921 132.177800 6 14.486228
3 t 398.129212 126.681422 6 8.951637
3 t 401.360306 130.004623 6 8.929046
3 t 395.191094 125.224395 6 6.695076
3 t 400.292218 131.990060 6 11.240720
3 t 402.137287 127.701165 6 2.354318
3 t 395.183422 130.373639 6 7.998448
3 t 399.022359 128.080972 6 8.598136
3 t 399.347881 129.072427 6 10.921872
3 t 396.284261 129.422084 6 15.088082
3 t 399.514694 127.990596 6 9.354692
3 t 398.039453 128.594735 6 10.324739
3 t 397.758318 128.592719 6 13.519256
3 t 398.524944 127.805388 6 13.437905
3 t 398.362363 127.760018 6 12.318092
3 t 399.583880 129.455772 6 9.754124
3 t 399.326180 128.860821 6 9.909489
3 t 397.799362 128.641308 6 10.904841
3 t 398.857652 127.454162 6 4.386309
3 t 83.108916 382.020591 6 6.095208
3 t 75.747864 382.813295 6 8.213794
3 t 81.235084 387.099915 6 10.141511
3 t 77.900213 385.625749 6 6.448361
3 t 81.501517 380.144163 6 12.454201
3 t 80.965728 382.277257 6 11.851548
3 t 82.535343 383.966680 6 18.571387
3 t 81.913561 385.209259 6 13.781368
3 t 78.180138 387.152949 6 11.534041
3 t 77.953071 379.724981 6 10.212536
3 t 80.605002 379.780119 6 1.094422
3 t 78.360222 380.330269 6 7.607452
3 t 82.662021 383.105815 6 6.970458
3 t 77.796085 382.222646 6 5.728327
3 t 80.191717 381.256941 6 3.601024
3 t 78.420867 386.773521 6 9.890722
3 t 80.186453 382.520827 6 7.189423
3 t 78.742106 384.316010 6 10.717778
3 t 79.224788 384.040625 6 10.607363
3 t 80.324252 383.449790 6 8.995040
3 t 78.375114 383.981429 6 16.912905
3 t 80.659977 383.250353 6 9.336292
3 t 79.261638 382.178660 6 8.014463
3 t 80.130727 382.290646 6 11.201261
3 t 78.293558 384.861099 6 8.662806
3 t 207.748242 435.424670 6 8.821017
3 t 210.027111 437.253566 6 5.126647
3 t 209.371337 436.670632 6 13.500194
3 t 211.253666 432.868386 6 3.915041
3 t 209.354204 433.988626 6 4.130551
3 t 209.528274 433.407346 6 7.846980
3 t 214.261867 433.806341 6 8.773923
3 t 209.293364 435.583700 6 9.566946
3 t 212.502368 431.351366 6 12.428373
3 t 209.067968 435.579964 6 5.626645
3 t 209.132289 434.373603 6 15.290650
3 t 213.446763 431.944369 6 7.360900
3 t 213.559317 435.208600 6 16.878970
3 t 210.199957 432.139821 6 9.002712
3 t 211.040387 433.932426 6 14.694561
3 t 208.608915 434.177579 6 1.880074
3 t 210.241043 431.893052 6 7.625133
3 t 211.376548 432.671050 6 9.664333
3 t 211.742329 432.665158 6 14.978210
3 t 212.302880 432.813139 6 8.448986
3 t 209.972939 435.088421 6 10.147228
3 t 211.876034 434.952212 6 4.703727
3 t 209.863880 432.839284 6 8.220791
3 t 212.438075 432.866257 6 6.760644
3 t 211.914316 433.833196 6 13.106429
3 t 431.964040 241.040442 6 13.232426
3 t 434.360929 241.186356 6 3.303751
3 t 437.422748 244.701738 6 6.284994
3 t 432.934924 243.588394 6 12.984120
3 t 432.966660 247.874172 6 12.443617
3 t 436.106004 242.830336 6 7.806590
3 t 435.044218 247.425178 6 9.622876
3 t 431.766574 245.508048 6 12.322530
3 t 434.145369 244.092041 6 6.899672
3 t 433.973693 243.053121 6 14.140644
3 t 431.942352 242.304055 6 8.669724
3 t 432.350241 248.144831 6 6.139435
3 t 438.581760 247.368095 6 4.507651
3 t 438.575193 242.449896 6 9.632926
3 t 433.767288 245.321396 6 8.705889
3 t 431.331000 246.937328 6 4.156196
3 t 436.842189 242.047292 6 9.910221
3 t 436.110928 243.608809 6 3.755303
3 t 434.142711 245.704932 6 18.093632
3 t 434.442433 245.520694 6 8.123759
3 t 433.541342 245.009933 6 7.700663
3 t 436.306543 245.903943 6 7.323941
3 t 436.084030 243.404241 6 9.410004
3 t 434.093170 244.408282 6 5.342489
3 t 434.717735 245.190408 6 10.633364
3 t 274.178548 101.956601 6 10.063032
3 t 275.111767 104.491408 6 9.240847
3 t 276.417898 103.234966 6 12.999368
3 t 275.735429 104.029306 6 8.285857
3 t 277.985540 103.324275 6 8.293818
3 t 275.303540 102.482312 6 9.076885
3 t 277.825810 104.251943 6 11.324710
3 t 272.504732 105.297630 6 6.561324
3 t 274.516638 103.776786 6 6.385226
3 t 272.122305 106.412142 6 13.227290
3 t 276.443918 102.187867 6 8.446412
3 t 275.313795 101.988535 6 3.041131
3 t 274.621537 104.961310 6 9.775852
3 t 276.116808 108.219579 6 15.264198
3 t 272.263435 104.962766 6 10.114352
3 t 276.419797 102.727893 6 10.636378
3 t 272.698921 105.488030 6 15.461546
3 t 275.656236 105.482719 6 4.683488
3 t 276.777181 103.758933 6 5.416571
3 t 273.851597 104.145756 6 6.465364
3 t 274.891177 105.144100 6 9.927968
3 t 275.008326 104.619849 6 8.677237
3 t 275.066551 104.854636 6 10.647807
3 t 276.585158 105.794302 6 11.167738
3 t 274.117029 104.169320 6 6.975307
3 t 93.135308 234.340448 6 8.490048
3 t 92.077036 235.181010 6 19.440477
3 t 90.018077 229.240106 6 11.876651
3 t 94.789102 234.767143 6 10.255377
3 t 95.502382 233.437576 6 15.068978
3 t 91.063013 231.006325 6 7.636148
3 t 96.916329 232.764275 6 11.878428
3 t 91.564158 231.200217 6 5.378301
3 t 96.496147 235.225040 6 9.240610
3 t 96.175299 232.513089 6 14.862056
3 t 94.528302 235.486009 6 9.597921
3 t 94.871816 231.277532 6 5.234994
3 t 94.084818 233.348385 6 8.298197
3 t 91.783982 229.655094 6 9.166842
3 t 95.074053 230.434826 6 9.565788
3 t 90.724314 233.581640 6 12.636553
3 t 92.440008 230.323345 6 11.766871
3 t 93.759396 231.065611 6 6.686833
3 t 94.037880 233.187665 6 9.746759
3 t 93.121124 232.531174 6 5.880005
3 t 93.094540 233.593128 6 13.052504
3 t 92.238215 232.717667 6 13.249479
3 t 93.822629 232.263104 6 9.827966
3 t 92.735572 232.375673 6 4.635592
3 t 93.475416 231.005845 6 5.386045
4 w 137.256117 68.771247 10.000000 1 6 0.528455
4 w 362.134791 255.530738 10.000000 1 6 0.516500
4 w 99.468549 414.859572 10.000000 1 6 0.495196
4 w 194.525206 144.389179 10.000000 1 6 0.594693
4 w 228.809498 188.135408 10.000000 1 6 0.406795
4 w 251.300160 103.722534 10.000000 1 6 0.516164
4 t 139.660955 68.983719 6 6.053057
4 t 133.684952 68.159022 6 10.981567
4 t 140.623223 67.608651 6 7.608777
4 t 134.184133 71.581215 6 12.275100
4 t 139.911447 68.384709 6 9.679608
4 t 138.123471 67.803177 6 11.002165
4 t 135.471831 68.179665 6 16.656317
4 t 136.907716 65.815624 6 10.993500
4 t 137.836029 71.281893 6 9.227663
4 t 134.032112 65.673756 6 15.244836
4 t 137.762308 72.281865 6 8.019887
4 t 134.071579 68.034689 6 6.908851
4 t 136.555166 69.477245 6 17.244924
4 t 135.800489 71.141117 6 10.078993
4 t 140.336273 72.280158 6 12.058333
4 t 137.185757 71.742041 6 14.727204
4 t 137.478678 71.558009 6 7.112658
4 t 137.055648 67.965987 6 9.978614
4 t 137.916064 69.741863 6 14.658198
4 t 136.143604 67.682854 6 9.015991
4 t 135.777162 67.571644 6 4.024309
4 t 136.634558 67.580054 6 4.157578
4 t 136.694162 69.232737 6 9.646310
4 t 136.810619 68.590928 6 7.154241
4 t 137.973484 69.030900 6 7.751216
4 t 364.830260 259.209738 6 10.224132
4 t 359.022092 253.521560 6 4.026411
4 t 362.642741 254.116042 6 10.384728
4 t 364.415727 255.842802 6 13.662748
4 t 365.756189 258.033821 6 10.518815
4 t 363.534561 254.812713 6 8.564376
4 t 359.554904 256.973556 6 9.478462
4 t 361.072729 255.281729 6 13.259931
4 t 362.940481 253.238776 6 5.415623
4 t 364.002580 254.171603 6 9.955238
4 t 358.899349 253.725268 6 8.096635
4 t 364.485104 256.877694 6 12.287057
4 t 361.625492 257.743474 6 13.512194
4 t 363.923340 256.229145 6 6.797927
4 t 359.365059 255.882598 6 9.437067
4 t 363.036486 259.163725 6 1.983180
4 t 363.656810 254.071261 6 12.426047
4 t 361.319702 256.558839 6 11.470141
4 t 361.737606 256.064801 6 14.486228
4 t 360.669308 254.842132 6 8.951637
4 t 361.874066 256.074540 6 8.929046
4 t 363.063160 254.670072 6 6.695076
4 t 360.794609 255.674064 6 11.240720
4 t 363.336991 256.238554 6 2.354318
4 t 362.733302 254.457934 6 7.998448
4 t 103.208847 414.274232 6 17.322225
4 t 99.952337 416.424944 6 9.383513
4 t 102.488026 416.176510 6 16.587931
4 t 99.127534 415.765389 6 4.178057
4 t 97.530421 415.487478 6 6.854907
4 t 102.930847 412.866558 6 12.938920
4 t 96.512733 413.396629 6 9.555437
4 t 99.173972 414.546989 6 12.594808
4 t 102.408525 412.005552 6 10.086004
4 t 95.718936 417.892102 6 6.384347
4 t 97.358810 413.001137 6 6.298457
4 t 100.490518 412.430836 6 6.388101
4 t 100.015763 414.208890 6 18.138177
4 t 98.279010 415.988806 6 12.711624
4 t 99.142882 413.108571 6 7.074904
4 t 100.373377 417.613038 6 16.395937
4 t 101.175207 415.627780 6 19.561743
4 t 100.218853 413.620053 6 10.616555
4 t 99.362320 414.504921 6 8.894000
4 t 98.820064 415.827107 6 12.917175
4 t 99.541865 415.425456 6 4.833479
4 t 99.612637 415.010862 6 11.364795
4 t 98.778062 413.445089 6 10.663934
4 t 99.873611 415.877923 6 10.627581
4 t 100.676875 415.913555 6 6.439939
4 t 197.866106 145.108718 6 15.645738
4 t 197.032826 142.801564 6 12.063739
4 t 198.271003 140.972861 6 3.466731
4 t 191.380166 146.700078 6 6.815290
4 t 196.650068 141.664987 6 17.508702
4 t 195.384338 145.754764 6 1.488964
4 t 194.856124 140.741476 6 8.250915
4 t 192.302716 143.652898 6 15.457904
4 t 193.856074 143.643104 6 10.479148
4 t 193.007060 145.982690 6 7.154098
4 t 193.767310 141.355687 6 10.436123
4 t 192.703388 141.122169 6 10.535762
4 t 193.877884 147.316655 6 8.756890
4 t 194.150077 142.802199 6 9.343617
4 t 197.291299 146.489465 6 8.811123
4 t 197.560817 143.859491 6 8.907998
4 t 195.796128 143.872876 6 11.643456
4 t 194.364743 144.332564 6 6.095208
4 t 193.570442 143.171789 6 8.213794
4 t 195.516871 145.123864 6 10.141511
4 t 194.616006 145.880629 6 6.448361
4 t 195.804511 143.723633 6 12.454201
4 t 193.992061 145.433025 6 11.851548
4 t 193.647102 143.674624 6 18.571387
4 t 194.312903 142.981674 6 13.781368
4 t 228.044914 185.058042 6 6.095041
4 t 227.903740 191.058879 6 12.623380
4 t 232.269212 187.323329 6 9.714712
4 t 232.104145 186.528574 6 15.539679
4 t 227.162440 189.575859 6 8.721983
4 t 230.879762 185.103033 6 4.634513
4 t 225.346096 191.411432 6 9.450136
4 t 232.201792 187.755761 6 6.374611
4 t 231.090298 184.848344 6 11.103132
4 t 225.674800 188.187307 6 8.962412
4 t 228.805890 191.531235 6 16.592615
4 t 228.546134 188.511397 6 7.565182
4 t 229.113809 186.949905 6 13.895748
4 t 230.251531 190.340950 6 12.448845
4 t 230.371006 190.759923 6 9.264230
4 t 225.728747 188.786576 6 13.555060
4 t 230.299270 191.222829 6 4.959856
4 t 228.838159 187.382451 6 9.890722
4 t 229.296124 189.425811 6 7.189423
4 t 228.618810 188.448925 6 7.997402
4 t 229.081241 186.703054 6 8.780028
4 t 228.078845 188.796456 6 9.951508
4 t 229.466510 187.139488 6 5.107750
4 t 230.295984 187.526163 6 14.800281
4 t 229.143452 188.150669 6 15.243020
4 t 252.266271 102.024935 6 13.194144
4 t 254.685164 105.769808 6 5.133616
4 t 252.884153 103.509408 6 3.293168
4 t 250.498989 103.002790 6 15.403637
4 t 248.803836 104.158151 6 4.374694
4 t 254.254424 105.517571 6 10.283058
4 t 251.362527 105.283516 6 9.242275
4 t 249.782167 102.457632 6 9.691556
4 t 248.416934 106.196064 6 12.673863
4 t 248.532754 106.329072 6 10.833512
4 t 250.020628 107.449163 6 9.111572
4 t 252.198986 103.173903 6 11.176387
4 t 248.574569 106.722365 6 10.903210
4 t 252.534976 101.280737 6 1.872424
4 t 249.902763 101.524028 6 10.124101
4 t 253.572496 105.456509 6 17.344354
4 t 251.778169 107.378134 6 12.768177
4 t 251.008867 103.099839 6 10.035951
4 t 252.167941 104.656922 6 14.414567
4 t 251.471075 104.645278 6 5.388438
4 t 252.623130 103.746663 6 10.050528
4 t 251.788588 103.314929 6 3.166932
4 t 251.852817 102.294999 6 8.821017
4 t 252.226461 104.571290 6 5.126647
4 t 250.035134 103.380379 6 13.500194
5 w 379.476317 180.982096 10.000000 1 6 0.533266
5 w 483.598529 206.393631 10.000000 1 6 0.462818
5 w 258.780474 410.084012 10.000000 1 6 0.484123
5 w 91.377572 332.941374 10.000000 1 6 0.457678
5 t 376.870454 180.756938 6 12.462155
5 t 382.490589 179.686451 6 13.107315
5 t 379.737949 184.385807 6 14.273035
5 t 381.019648 181.102164 6 14.357706
5 t 380.580446 182.172897 6 9.595741
5 t 377.752928 183.580473 6 1.780263
5 t 379.527338 183.105339 6 8.961722
5 t 381.944196 183.495418 6 15.916267
5 t 376.252534 180.063999 6 6.429341
5 t 377.301455 179.047250 6 10.146167
5 t 383.132859 182.208394 6 15.762209
5 t 382.906496 178.907971 6 10.612726
5 t 380.952596 179.094125 6 11.124520
5 t 379.632338 179.335720 6 10.066883
5 t 377.820317 180.694268 6 10.908945
5 t 383.223867 178.353462 6 8.010282
5 t 379.875392 184.127244 6 4.950394
5 t 380.734533 180.772966 6 15.290650
5 t 380.388727 181.463901 6 7.360900
5 t 379.233798 179.812134 6 16.878970
5 t 380.393046 179.890042 6 9.002712
5 t 378.066888 182.141890 6 14.694561
5 t 379.426770 181.237335 6 1.880074
5 t 379.680442 181.646329 6 7.625133
5 t 380.773810 181.156390 6 1.841752
5 t 482.142992 208.392702 6 5.549777
5 t 483.851594 204.713878 6 14.638101
5 t 483.391168 206.058471 6 12.508396
5 t 484.278058 206.818925 6 8.341964
5 t 482.648318 206.070021 6 4.878645
5 t 485.066486 207.589405 6 18.473036
5 t 484.793955 204.276648 6 14.053874
5 t 483.923140 204.165272 6 9.181145
5 t 487.043749 206.950551 6 12.053863
5 t 481.273822 205.326919 6 11.078170
5 t 482.862960 209.263195 6 18.053144
5 t 483.007595 209.550827 6 13.825014
5 t 481.423090 209.220597 6 4.913674
5 t 485.884827 203.497305 6 12.568597
5 t 486.020335 203.569658 6 7.004697
5 t 482.844815 204.613699 6 6.403797
5 t 486.032807 205.460801 6 1.845684
5 t 483.880422 207.614996 6 14.457356
5 t 484.271169 207.853635 6 13.628737
5 t 483.046279 206.728325 6 4.641048
5 t 483.941777 206.166488 6 18.510472
5 t 482.727745 205.988665 6 3.213804
5 t 482.627558 207.243180 6 8.679466
5 t 482.685792 206.675411 6 12.047000
5 t 484.233947 205.274076 6 6.510174
5 t 258.188433 409.856909 6 9.082108
5 t 261.653788 411.179539 6 14.483275
5 t 256.595244 408.599591 6 14.017609
5 t 256.159936 410.831151 6 5.757979
5 t 257.664405 412.312451 6 9.414522
5 t 260.107987 408.825412 6 11.644779
5 t 256.543417 411.759342 6 3.847019
5 t 260.801594 412.306263 6 10.433634
5 t 262.294123 410.784258 6 11.248200
5 t 259.118631 411.324977 6 8.414296
5 t 256.275585 408.102255 6 10.862060
5 t 257.503131 407.159436 6 15.355190
5 t 259.085758 407.176585 6 8.238594
5 t 256.438315 410.976440 6 8.516476
5 t 262.247655 406.919080 6 8.516187
5 t 259.201791 412.974562 6 14.393840
5 t 256.722601 413.829870 6 8.238088
5 t 258.039864 411.322620 6 7.806590
5 t 258.136469 410.528407 6 9.622876
5 t 258.961200 409.869462 6 12.322530
5 t 259.800339 411.134973 6 6.899672
5 t 257.706155 408.974025 6 14.140644
5 t 258.089156 411.120660 6 8.669724
5 t 259.313317 409.689398 6 6.139435
5 t 259.700231 409.053092 6 4.507651
5 t 88.171507 334.340420 6 12.963589
5 t 90.542455 332.693805 6 10.880034
5 t 92.510114 332.372914 6 14.226439
5 t 90.789871 330.079433 6 9.398279
5 t 92.145982 334.697892 6 7.399338
5 t 90.173180 330.544092 6 14.425994
5 t 89.429685 330.708991 6 9.969921
5 t 94.302658 332.292001 6 6.873018
5 t 93.579897 335.738403 6 14.123974
5 t 91.861309 335.937450 6 10.022216
5 t 89.645388 329.281957 6 14.003172
5 t 90.897303 330.254484 6 7.245397
5 t 88.459097 330.591162 6 13.296780
5 t 89.599914 330.040403 6 4.948482
5 t 88.663844 329.813397 6 16.691607
5 t 92.392279 335.325644 6 17.045377
5 t 94.913913 335.320516 6 13.162116
5 t 92.214301 331.808188 6 8.504010
5 t 91.712554 333.351956 6 15.371467
5 t 92.567862 333.342422 6 8.159792
5 t 90.014521 333.158695 6 10.301775
5 t 90.265100 333.748490 6 10.668272
5 t 91.424718 333.328228 6 14.365939
5 t 90.362613 334.289716 6 8.809685
5 t 90.254442 334.356017 6 6.424538
6 w 344.352855 140.714630 10.000000 1 6 0.525808
6 w 117.559390 454.971557 10.000000 1 6 0.571247
6 w 381.561456 363.635903 10.000000 1 6 0.553977
6 t 343.450100 138.565543 6 7.793289
6 t 347.602412 143.737400 6 9.812347
6 t 343.713280 139.966938 6 13.112654
6 t 346.663495 144.158498 6 11.228355
6 t 341.000072 140.029669 6 14.364701
6 t 346.731280 142.930484 6 14.267293
6 t 344.837515 138.536337 6 8.806441
6 t 343.564839 143.629661 6 10.690108
6 t 348.085545 142.367341 6 9.486897
6 t 347.588599 140.544536 6 5.311887
6 t 345.444527 137.961882 6 13.334295
6 t 345.430918 138.706039 6 13.873397
6 t 341.553762 143.069862 6 8.565723
6 t 343.593990 137.365199 6 8.119446
6 t 344.764232 143.164324 6 16.734349
6 t 347.064341 136.968898 6 20.326825
6 t 345.397765 143.658264 6 12.000236
6 t 344.676464 139.702536 6 10.063032
6 t 343.959878 140.624584 6 9.240847
6 t 345.697565 140.975300 6 12.999368
6 t 344.009184 141.506370 6 8.285857
6 t 345.098631 141.399512 6 8.293818
6 t 344.944902 140.393074 6 9.076885
6 t 343.301860 139.352227 6 11.324710
6 t 344.990712 140.098793 6 6.561324
6 t 115.777075 452.073449 6 6.413877
6 t 118.714007 453.095270 6 10.637936
6 t 115.838030 454.033100 6 8.146764
6 t 119.759095 458.593149 6 6.528566
6 t 121.275377 454.545143 6 10.981967
6 t 114.633478 456.275774 6 9.439547
6 t 118.322202 453.312810 6 14.252605
6 t 120.824586 458.540346 6 7.704763
6 t 120.749653 451.356719 6 4.509154
6 t 114.678105 458.626089 6 2.027841
6 t 117.872969 454.133584 6 9.226690
6 t 121.206687 456.972336 6 7.924685
6 t 120.695390 458.686883 6 4.341542
6 t 120.946743 451.514213 6 9.955141
6 t 114.707102 456.041104 6 9.577109
6 t 119.538515 455.926404 6 10.826414
6 t 120.252686 453.677957 6 17.504870
6 t 116.236048 455.999980 6 10.636378
6 t 117.798361 456.184357 6 15.461546
6 t 118.360051 456.234580 6 10.579602
6 t 116.883513 456.328887 6 11.900284
6 t 117.122411 454.280154 6 10.446612
6 t 117.931694 455.659383 6 2.671384
6 t 116.364795 456.132167 6 19.866740
6 t 116.820139 454.772714 6 5.188426
6 t 380.834822 362.362712 6 12.369967
6 t 384.652579 360.050484 6 9.139513
6 t 379.514326 362.175078 6 9.541857
6 t 380.500634 364.652101 6 7.760387
6 t 384.460821 364.737031 6 15.489791
6 t 380.021164 362.070089 6 7.232149
6 t 383.003878 365.232126 6 4.635924
6 t 384.871133 361.735107 6 11.570620
6 t 383.731308 364.943389 6 11.566996
6 t 378.113898 362.364676 6 8.244210
6 t 379.654445 361.004087 6 13.130109
6 t 379.901189 363.089978 6 7.033161
6 t 379.652769 365.903549 6 10.269724
6 t 379.548023 366.868536 6 9.796260
6 t 382.476230 363.535739 6 10.933686
6 t 384.144622 362.177132 6 10.459606
6 t 384.885313 364.665225 6 13.308049
6 t 381.535509 362.983971 6 7.661710
6 t 381.769743 362.826093 6 15.208443
6 t 382.282231 364.839388 6 15.266285
6 t 380.535627 363.804240 6 12.310973
6 t 383.002799 362.456407 6 9.332919
6 t 380.713425 362.962037 6 8.490048
6 t 380.821577 364.483315 6 19.440477
6 t 380.800600 364.168448 6 11.876651
7 w 424.963438 287.944719 10.000000 1 6 0.456746
7 t 426.872525 284.379613 6 12.777725
7 t 422.678409 287.652917 6 15.822624
7 t 423.006823 288.904042 6 7.210817
7 t 422.648383 290.290658 6 8.452276
7 t 422.905122 290.788211 6 11.991862
7 t 425.917455 289.406952 6 11.032359
7 t 427.452783 289.125359 6 8.122436
7 t 421.786513 289.274828 6 10.456236
7 t 423.941201 288.083955 6 4.083935
7 t 426.077381 285.234062 6 15.967125
7 t 427.581510 287.909855 6 8.395079
7 t 427.401824 290.460264 6 12.044803
7 t 421.318858 290.582408 6 7.314274
7 t 421.750797 286.354908 6 8.509195
7 t 425.738684 289.534531 6 6.706671
7 t 424.046082 288.941104 6 7.428515
7 t 421.221868 286.930351 6 13.917376
7 t 425.223619 287.741291 6 9.597921
7 t 425.669611 286.950330 6 5.234994
7 t 425.534656 288.909957 6 8.298197
7 t 424.477198 286.631689 6 9.166842
7 t 425.763800 288.238939 6 9.565788
7 t 424.525066 287.824249 6 12.636553
7 t 424.401402 286.630957 6 11.766871
7 t 423.848602 286.814136 6 12.432371
8 w 367.330655 294.532829 10.000000 1 6 0.468550
8 w 97.783704 350.223494 10.000000 1 6 0.552905
8 w 210.970025 152.409230 10.000000 1 6 0.431032
8 w 299.421245 410.330755 10.000000 1 6 0.463641
8 w 62.463683 439.305422 10.000000 1 6 0.508793
8 w 292.184110 314.355947 10.000000 1 6 0.550844
8 w 28.704765 85.989379 10.000000 1 6 0.552867
8 t 367.148742 294.058537 6 15.933595
8 t 366.682384 293.969616 6 12.221794
8 t 369.065144 293.223945 6 11.812222
8 t 366.975481 290.872665 6 9.509069
8 t 369.332117 297.203631 6 10.540323
8 t 367.823140 290.954438 6 13.017501
8 t 370.969785 295.114836 6 8.994250
8 t 369.362679 293.542297 6 9.239605
8 t 370.151766 296.140397 6 8.470547
8 t 364.768536 297.905836 6 17.737844
8 t 365.189489 292.928147 6 8.852082
8 t 370.723935 290.819143 6 7.279596
8 t 364.592782 292.109265 6 11.605561
8 t 365.906160 291.600870 6 7.954349
8 t 364.047449 291.777060 6 13.677486
8 t 365.003345 291.399999 6 9.980541
8 t 369.853652 296.238092 6 11.911606
8 t 367.480497 293.752518 6 11.182386
8 t 368.108129 294.863143 6 4.204999
8 t 365.847621 294.535236 6 13.099515
8 t 366.824345 295.104556 6 13.902141
8 t 365.900472 293.366492 6 9.051473
8 t 366.917661 296.012174 6 9.143141
8 t 367.207785 293.665098 6 2.492824
8 t 367.874421 294.402417 6 9.636560
8 t 99.980345 352.963197 6 11.496268
8 t 94.076956 352.276342 6 15.352441
8 t 95.147270 349.413265 6 9.752711
8 t 96.467079 350.906882 6 5.761512
8 t 97.763250 347.677664 6 8.462490
8 t 99.531782 352.881127 6 3.262686
8 t 100.391402 347.437692 6 14.135405
8 t 94.882049 346.876452 6 13.138470
8 t 99.423241 350.111887 6 9.381142
8 t 100.717799 353.596464 6 5.850187
8 t 98.517214 348.566047 6 5.678523
8 t 95.044154 346.582794 6 12.588949
8 t 95.172467 353.778876 6 8.185507
8 t 95.739471 350.446485 6 12.405013
8 t 98.166254 351.001361 6 11.611565
8 t 101.530303 351.950190 6 14.745031
8 t 101.102140 351.796095 6 10.510006
8 t 99.007730 351.525695 6 11.002165
8 t 97.774492 351.340971 6 16.656317
8 t 96.325525 350.901342 6 10.993500
8 t 97.372514 350.792035 6 9.227663
8 t 97.617617 350.582135 6 15.244836
8 t 97.003940 350.424573 6 8.019887
8 t 97.821165 350.283691 6 6.908851
8 t 98.584956 349.366762 6 17.244924
8 t 214.010181 150.978016 6 11.640623
8 t 208.077294 155.054613 6 8.614898
8 t 209.207598 151.898654 6 15.304680
8 t 212.290832 150.937572 6 6.811083
8 t 212.448464 154.289400 6 6.253961
8 t 210.963199 148.811600 6 16.444707
8 t 209.709252 151.825273 6 7.175686
8 t 208.684866 150.161989 6 9.018068
8 t 210.443015 150.949157 6 8.215803
8 t 213.726824 149.925972 6 5.454061
8 t 213.906887 155.320055 6 10.081441
8 t 212.917303 151.631382 6 9.864641
8 t 209.189717 150.308060 6 7.364897
8 t 211.466648 152.329651 6 12.116686
8 t 207.413725 149.965249 6 3.485653
8 t 210.321237 154.383323 6 16.219399
8 t 212.224914 149.657534 6 9.981566
8 t 210.177246 151.734187 6 6.591712
8 t 210.701998 151.063732 6 10.653342
8 t 210.037598 153.541087 6 11.753878
8 t 211.103101 153.036364 6 3.687942
8 t 211.246510 151.812524 6 10.050038
8 t 210.413255 152.275846 6 12.912304
8 t 210.511249 151.031320 6 11.371886
8 t 212.443036 152.124949 6 12.081932
8 t 298.296037 410.229008 6 5.857797
8 t 298.702700 409.935791 6 2.114701
8 t 296.090652 407.881315 6 9.969482
8 t 300.571903 410.325910 6 14.346729
8 t 300.011912 410.183497 6 15.379805
8 t 296.778169 407.872928 6 13.351978
8 t 301.877215 408.862938 6 19.113020
8 t 299.206371 410.402842 6 3.176189
8 t 299.721280 412.984940 6 2.977803
8 t 296.276226 409.204362 6 11.610621
8 t 298.131002 408.579490 6 14.707045
8 t 302.886476 407.666240 6 13.804451
8 t 300.638508 407.749353 6 12.209043
8 t 302.155280 413.958386 6 5.454604
8 t 297.439385 410.577612 6 9.241373
8 t 301.805425 412.652415 6 11.705610
8 t 297.777323 413.190586 6 5.651276
8 t 299.182355 411.280867 6 10.224132
8 t 298.042202 409.071234 6 4.026411
8 t 298.681195 411.706797 6 10.384728
8 t 298.564946 410.564451 6 13.662748
8 t 300.510085 410.415391 6 10.518815
8 t 299.847094 410.249092 6 8.564376
8 t 299.531298 408.863262 6 9.478462
8 t 297.954374 409.431378 6 13.259931
8 t 59.643957 438.834127 6 11.509546
8 t 62.940416 437.585747 6 9.736340
8 t 61.827119 436.995057 6 16.530010
8 t 61.590858 439.003464 6 14.013098
8 t 60.273093 442.965175 6 8.655693
8 t 60.627374 441.900056 6 12.796567
8 t 65.875641 441.451376 6 15.239550
8 t 61.264350 442.028693 6 10.998600
8 t 65.559227 442.582871 6 18.298037
8 t 61.065286 442.419575 6 11.156198
8 t 62.936043 440.906885 6 13.222634
8 t 59.300068 441.429962 6 1.820027
8 t 59.874859 442.486465 6 15.003417
8 t 60.525082 438.258435 6 11.975818
8 t 59.455124 440.555881 6 6.074954
8 t 61.733964 439.567573 6 1.000000
8 t 66.051694 441.626005 6 12.483748
8 t 62.172587 440.709467 6 1.983180
8 t 62.878509 440.227347 6 12.426047
8 t 63.422667 440.442999 6 15.063468
8 t 63.332365 440.610004 6 10.983475
8 t 61.322965 438.022225 6 1.000000
8 t 62.373542 437.807000 6 6.936420
8 t 61.798141 438.801944 6 6.690224
8 t 62.339592 440.560516 6 12.397138
8 t 295.536919 316.732490 6 6.636543
8 t 295.464722 317.528315 6 6.132925
8 t 293.151022 316.748161 6 5.265750
8 t 293.938105 310.926503 6 16.201802
8 t 292.081589 314.729815 6 9.234274
8 t 295.057615 312.831674 6 12.453695
8 t 290.947629 312.992543 6 8.491356
8 t 291.446804 315.486659 6 11.159634
8 t 289.209993 314.221323 6 14.280190
8 t 295.817909 314.008780 6 7.785240
8 t 295.493495 312.177274 6 10.309585
8 t 291.880781 311.096533 6 5.052955
8 t 292.153503 316.957843 6 11.613876
8 t 292.100276 310.839619 6 11.593246
8 t 293.894713 317.175403 6 6.755769
8 t 291.245283 314.550280 6 17.635475
8 t 292.163240 313.493967 6 3.901953
8 t 291.001668 315.714582 6 5.895230
8 t 291.897553 315.129925 6 5.977709
8 t 292.553973 313.771221 6 8.307722
8 t 292.153563 314.366722 6 7.649122
8 t 293.249233 314.393261 6 9.659430
8 t 291.982264 314.891454 6 17.322225
8 t 291.523035 313.829342 6 9.383513
8 t 291.875729 313.626855 6 16.587931
8 t 27.094693 85.058753 6 10.328818
8 t 26.212359 82.294616 6 7.875970
8 t 26.354107 84.844236 6 6.876957
8 t 25.119798 88.889811 6 7.738390
8 t 28.701032 86.257161 6 7.765720
8 t 29.693362 88.877771 6 10.074158
8 t 27.689679 84.511425 6 14.128622
8 t 29.768365 84.447543 6 5.073753
8 t 27.947782 88.251481 6 7.954179
8 t 28.519173 88.397976 6 10.724118
8 t 27.805522 85.907535 6 10.380428
8 t 25.654627 89.232884 6 13.346374
8 t 26.977632 85.215799 6 14.894060
8 t 24.997206 88.800331 6 12.765917
8 t 31.408435 89.194134 6 8.371518
8 t 25.917388 89.430744 6 3.324640
8 t 26.848528 88.977194 6 9.491100
8 t 28.571954 85.382107 6 6.298457
8 t 29.655844 84.815919 6 6.388101
8 t 28.411805 86.151960 6 18.138177
8 t 29.438416 85.962596 6 12.711624
8 t 29.264813 87.267979 6 7.074904
8 t 29.745217 86.754267 6 16.395937
8 t 30.067888 85.794607 6 19.561743
8 t 27.609721 86.738852 6 8.098180
9 w 316.996539 21.560045 10.000000 1 6 0.501391
9 t 318.930845 19.806827 6 13.916793
9 t 320.608576 22.141925 6 15.220586
9 t 319.189528 21.624697 6 10.008420
9 t 318.477296 25.289760 6 10.391631
9 t 313.375910 23.429200 6 10.435074
9 t 315.315501 18.872560 6 10.945172
9 t 319.056516 18.846654 6 6.401682
9 t 313.439085 22.735607 6 10.201496
9 t 319.051844 25.032177 6 8.028845
9 t 314.636840 20.275725 6 7.016524
9 t 319.485419 20.055375 6 5.536728
9 t 315.696760 19.343587 6 11.538707
9 t 317.695710 25.235760 6 1.000000
9 t 313.363679 19.059277 6 14.075539
9 t 318.615934 22.149775 6 4.145855
9 t 314.419335 18.778415 6 12.401346
9 t 317.826273 22.625699 6 3.910253
9 t 316.696941 22.837807 6 5.587483
9 t 316.903154 23.059304 6 8.950310
9 t 317.843490 20.076704 6 13.347824
9 t 317.285683 21.810661 6 14.245123
9 t 316.884433 20.392839 6 7.358697
9 t 317.819141 20.299204 6 6.522557
9 t 315.533578 21.229818 6 7.050842
9 t 317.251230 20.967406 6 4.636458
10 w 72.388632 284.550502 10.000000 1 6 0.512337
10 w 192.315099 43.713895 10.000000 1 6 0.453486
10 w 428.132271 221.006375 10.000000 1 6 0.423492
10 w 292.965489 202.731761 10.000000 1 6 0.573207
10 w 253.676652 168.812361 10.000000 1 6 0.479048
10 w 132.251753 169.827555 10.000000 1 6 0.461084
10 t 75.929405 281.634044 6 9.136279
10 t 73.610295 281.631636 6 10.202347
10 t 74.050159 286.007121 6 14.094769
10 t 73.908106 283.181721 6 13.424035
10 t 71.395477 282.801733 6 9.114730
10 t 71.303184 285.175091 6 8.513077
10 t 71.459855 284.267661 6 9.248231
10 t 75.937395 282.202877 6 8.188978
10 t 70.516288 287.008511 6 11.626346
10 t 74.765232 285.173761 6 14.117023
10 t 73.026283 282.461396 6 13.263179
10 t 68.642673 281.134183 6 12.511773
10 t 73.350969 281.456229 6 10.659034
10 t 70.005149 287.981666 6 13.101035
10 t 72.989122 281.708468 6 16.489138
10 t 75.934447 287.580544 6 15.784145
10 t 69.424274 287.349708 6 12.510831
10 t 72.008246 284.220888 6 1.488964
10 t 71.190961 284.210105 6 8.250915
10 t 72.256671 284.125981 6 15.457904
10 t 73.837571 285.236542 6 10.479148
10 t 72.714154 285.363415 6 7.154098
10 t 71.407291 285.458792 6 10.436123
10 t 72.897792 284.336981 6 10.535762
10 t 71.900042 283.978997 6 8.756890
10 t 191.361003 41.684842 6 10.479142
10 t 188.683402 41.170211 6 11.962692
10 t 190.048004 47.384306 6 3.822715
10 t 192.915854 44.085287 6 14.838724
10 t 194.126685 41.447534 6 8.130690
10 t 189.418488 46.616550 6 15.146234
10 t 194.240330 40.716146 6 9.518235
10 t 194.740267 44.045747 6 1.000000
10 t 194.540478 42.162081 6 10.934858
10 t 195.463773 40.802187 6 8.363335
10 t 192.627298 42.994168 6 7.847097
10 t 193.464626 46.038053 6 5.758055
10 t 194.228752 40.393717 6 11.013027
10 t 192.242916 43.524039 6 7.664359
10 t 188.862516 45.690532 6 6.416470
10 t 190.379335 45.127783 6 14.645421
10 t 193.742530 40.962340 6 8.660950
10 t 190.852516 44.861207 6 10.960630
10 t 191.417577 43.176988 6 19.049802
10 t 191.475280 43.114085 6 4.744674
10 t 192.558768 42.280913 6 14.790131
10 t 192.789359 43.771324 6 10.005433
10 t 192.555828 45.099743 6 9.920846
10 t 191.702928 44.804630 6 4.954351
10 t 192.253515 42.999272 6 14.019129
10 t 429.022449 223.612604 6 6.472358
10 t 431.314235 217.418359 6 8.580350
10 t 431.738821 217.567789 6 8.706597
10 t 427.046442 223.706276 6 13.703588
10 t 429.659288 222.246481 6 13.908660
10 t 426.140325 217.592016 6 14.778758
10 t 429.457696 221.133355 6 10.326054
10 t 424.903902 221.656701 6 10.889034
10 t 426.021411 223.211920 6 10.830830
10 t 428.734815 222.470617 6 6.219497
10 t 430.247846 218.214668 6 12.291415
10 t 429.145689 220.545862 6 4.479746
10 t 427.951935 217.997447 6 5.423757
10 t 425.634062 222.479242 6 7.539555
10 t 428.093989 218.387952 6 17.926340
10 t 426.112738 220.541012 6 7.362167
10 t 425.176368 223.060675 6 2.362278
10 t 427.380835 222.184189 6 6.095041
10 t 426.882533 220.960807 6 12.623380
10 t 427.085505 220.673420 6 9.714712
10 t 427.226424 220.714757 6 15.539679
10 t 426.652828 221.338096 6 8.721983
10 t 429.049432 219.644083 6 4.634513
10 t 427.809655 220.514323 6 9.450136
10 t 427.505051 221.254630 6 6.374611
10 t 292.898681 200.984696 6 11.353981
10 t 292.352783 201.459384 6 11.802376
10 t 294.996304 204.178358 6 9.514145
10 t 289.890956 199.744799 6 9.428542
10 t 291.488067 203.991551 6 13.646347
10 t 291.673454 199.405665 6 13.056547
10 t 295.348176 201.522205 6 7.620099
10 t 289.323308 204.342949 6 12.035881
10 t 295.700845 200.626422 6 11.722767
10 t 291.598063 206.231691 6 13.391737
10 t 290.285387 200.979718 6 10.448960
10 t 295.832864 203.577040 6 10.934272
10 t 295.463724 205.673600 6 11.025623
10 t 296.646327 203.741341 6 10.549502
10 t 290.036163 204.994858 6 12.709885
10 t 292.700397 202.682328 6 12.425692
10 t 295.001489 202.862704 6 1.555818
10 t 293.642821 204.205727 6 13.555060
10 t 292.604640 204.153432 6 4.959856
10 t 291.567095 201.830847 6 14.708722
10 t 292.964334 204.127506 6 8.689704
10 t 293.933790 201.313895 6 14.833491
10 t 291.908783 203.412170 6 8.384878
10 t 292.799261 201.851313 6 13.227999
10 t 292.954722 202.099989 6 8.467369
10 t 256.775091 166.440349 6 7.681185
10 t 253.457226 172.005163 6 4.657063
10 t 255.542606 169.999889 6 14.810012
10 t 252.848196 169.579063 6 7.384461
10 t 253.175058 169.887013 6 4.371120
10 t 257.259646 170.314246 6 5.557861
10 t 253.196109 172.317574 6 9.237342
10 t 256.072566 167.359833 6 12.372270
10 t 253.383971 166.988559 6 11.983128
10 t 254.647711 169.187375 6 2.250633
10 t 253.681698 169.491403 6 7.338908
10 t 251.526775 171.111763 6 17.364312
10 t 250.302223 170.544673 6 3.821728
10 t 256.980883 169.014220 6 8.231783
10 t 250.818653 166.364324 6 10.112481
10 t 250.091181 165.700085 6 10.572288
10 t 250.101164 170.154386 6 16.975945
10 t 254.145193 169.594402 6 7.938160
10 t 254.740795 169.428775 6 13.130205
10 t 253.790935 169.058427 6 12.851845
10 t 252.511223 169.339379 6 8.982181
10 t 254.647979 167.500501 6 10.933086
10 t 253.010868 168.201935 6 13.194144
10 t 254.001683 168.276196 6 5.133616
10 t 253.053841 168.120677 6 3.293168
10 t 135.451654 166.107168 6 7.600220
10 t 131.295737 173.380549 6 14.292180
10 t 132.100106 167.801835 6 14.037501
10 t 135.679825 167.378490 6 13.615648
10 t 130.107467 170.269056 6 5.043794
10 t 134.605585 173.233315 6 10.901871
10 t 132.635140 169.982074 6 7.173949
10 t 130.186240 172.843380 6 9.926883
10 t 133.008541 170.632473 6 13.125997
10 t 128.764407 172.974254 6 7.475435
10 t 131.716375 171.750724 6 8.591882
10 t 128.785789 166.244663 6 15.580154
10 t 130.180031 168.159669 6 3.292129
10 t 132.507956 172.041967 6 9.117558
10 t 130.439727 168.845489 6 10.070397
10 t 128.943830 170.121718 6 12.420111
10 t 135.620822 166.636579 6 6.843444
10 t 132.403838 170.410102 6 9.111572
10 t 131.041668 168.757703 6 11.176387
10 t 132.673703 169.545841 6 10.903210
10 t 132.119172 171.026307 6 1.872424
10 t 131.221988 171.115685 6 10.124101
10 t 130.797473 168.391931 6 17.344354
10 t 130.938618 169.901331 6 12.768177
10 t 131.517132 168.538256 6 8.093468
11 w 172.931702 225.447497 10.000000 1 6 0.516614
11 w 499.993650 394.104405 10.000000 1 6 0.508539
11 w 474.393397 189.282675 10.000000 1 6 0.451168
11 w 497.998525 122.619125 10.000000 1 6 0.564327
11 w 208.436827 111.000512 10.000000 1 6 0.530920
11 t 175.300015 225.467958 6 12.649865
11 t 169.497101 227.442380 6 11.804638
11 t 176.080490 224.633155 6 4.156907
11 t 170.990171 221.768373 6 11.798902
11 t 173.876505 226.787281 6 13.399481
11 t 172.374583 226.151295 6 4.304376
11 t 173.154807 223.180147 6 7.992659
11 t 171.682372 222.052553 6 10.970076
11 t 172.009006 227.854236 6 13.943048
11 t 171.415458 224.636021 6 9.514708
11 t 175.411352 222.012279 6 4.442067
11 t 173.688880 223.103804 6 11.432801
11 t 176.026334 225.629250 6 12.210852
11 t 171.824740 226.319045 6 9.718929
11 t 175.114727 224.618324 6 5.963566
11 t 169.813736 226.285337 6 7.901105
11 t 169.523302 222.739775 6 10.338932
11 t 172.944913 226.674761 6 11.253429
11 t 173.880607 225.632936 6 8.708957
11 t 173.503810 226.811648 6 11.223388
11 t 173.542002 224.728264 6 14.813443
11 t 173.488212 225.518941 6 12.591078
11 t 173.819931 224.046122 6 10.766961
11 t 172.332394 225.034590 6 8.815814
11 t 172.022387 226.741842 6 3.801457
11 t 498.756642 392.462232 6 16.623975
11 t 499.922594 396.345230 6 8.067654
11 t 498.599360 394.778136 6 10.191490
11 t 499.483840 396.982506 6 10.327330
11 t 496.970215 396.799347 6 5.789303
11 t 503.261607 392.329454 6 5.745729
11 t 501.757801 395.946781 6 6.268423
11 t 503.259086 392.350522 6 11.364320
11 t 499.073307 394.344816 6 7.617601
11 t 499.886516 395.557177 6 15.689248
11 t 500.011562 394.035627 6 7.977112
11 t 501.074884 395.106888 6 7.220600
11 t 500.603851 394.007194 6 11.423643
11 t 498.297905 393.641959 6 13.003834
11 t 496.299420 393.181167 6 16.425380
11 t 502.560743 396.908428 6 14.217698
11 t 497.257410 393.888907 6 12.812540
11 t 499.586879 392.827220 6 1.780263
11 t 498.744076 394.504077 6 8.961722
11 t 499.314586 393.362253 6 15.916267
11 t 499.027646 393.451631 6 6.429341
11 t 500.999059 393.819448 6 10.146167
11 t 501.051593 394.218437 6 15.762209
11 t 499.249631 395.254966 6 10.612726
11 t 498.922636 393.421418 6 11.124520
11 t 474.455942 191.107635 6 7.759304
11 t 477.304951 189.270539 6 7.365082
11 t 471.852035 186.660213 6 7.340921
11 t 471.010319 185.564193 6 8.827518
11 t 472.351550 192.134076 6 9.755355
11 t 473.061805 188.625505 6 11.609070
11 t 471.253883 186.325892 6 11.343032
11 t 472.073489 191.563874 6 15.067090
11 t 475.174546 190.367591 6 13.878333
11 t 476.546505 192.737433 6 15.680262
11 t 471.201966 186.158405 6 10.012034
11 t 473.896377 187.011918 6 15.283593
11 t 474.397128 192.562758 6 10.315630
11 t 472.042238 185.607949 6 7.055993
11 t 476.640729 186.349853 6 11.494445
11 t 475.989182 191.836081 6 9.292860
11 t 477.810638 187.682500 6 8.809527
11 t 472.943933 190.465021 6 7.652783
11 t 473.300696 187.929036 6 9.745582
11 t 474.167853 190.544218 6 12.833121
11 t 475.352105 189.319110 6 5.440758
11 t 473.713900 188.030112 6 12.069292
11 t 475.019745 190.089267 6 11.164997
11 t 474.475990 188.465997 6 10.284109
11 t 475.235239 187.848981 6 5.665985
11 t 498.524460 119.184924 6 18.160598
11 t 500.065070 121.826480 6 7.713424
11 t 498.376225 123.944926 6 12.203096
11 t 495.798220 120.043349 6 7.678089
11 t 497.816662 123.880641 6 14.074966
11 t 500.212166 122.405562 6 7.592474
11 t 497.499474 124.665653 6 10.507672
11 t 497.131976 125.274585 6 11.523728
11 t 495.373142 126.352830 6 4.387519
11 t 494.356299 121.231729 6 12.628159
11 t 495.350989 119.711361 6 7.137541
11 t 496.038232 125.976804 6 7.762452
11 t 499.176375 121.248135 6 12.663010
11 t 500.529915 124.948932 6 13.752557
11 t 496.145237 125.399036 6 9.828532
11 t 497.354165 124.462128 6 1.000000
11 t 494.778012 125.556900 6 11.000369
11 t 499.166971 123.765375 6 5.549777
11 t 498.035203 123.218685 6 14.638101
11 t 496.848008 121.426578 6 12.508396
11 t 497.199518 123.481687 6 8.341964
11 t 497.599416 123.449171 6 4.878645
11 t 498.658825 121.211917 6 18.473036
11 t 498.878383 121.183597 6 14.053874
11 t 499.239726 123.269578 6 9.181145
11 t 206.639270 110.626838 6 15.424064
11 t 211.233423 109.598554 6 4.006940
11 t 206.584082 107.593105 6 6.931267
11 t 208.718505 114.224421 6 6.145406
11 t 208.165363 112.004426 6 11.355382
11 t 208.400525 109.284055 6 5.470755
11 t 211.909616 109.382882 6 9.635599
11 t 206.691185 114.532766 6 8.616200
11 t 208.107054 114.480036 6 6.913189
11 t 205.965443 111.775060 6 8.787133
11 t 207.915245 109.198674 6 7.350432
11 t 209.115757 107.908952 6 16.705104
11 t 210.674362 111.143460 6 9.001745
11 t 204.867292 112.476018 6 12.632977
11 t 206.386308 112.161274 6 13.199717
11 t 207.419431 111.126118 6 9.167918
11 t 205.544262 111.523650 6 11.721824
11 t 207.538795 109.558905 6 6.403797
11 t 209.746376 109.632408 6 1.845684
11 t 207.525161 109.770101 6 9.310752
11 t 209.538234 109.983755 6 12.746565
11 t 207.213640 110.228525 6 7.560295
11 t 208.527141 110.373810 6 14.028403
11 t 207.842166 110.436129 6 10.974950
11 t 208.561794 109.722657 6 11.152891
12 w 128.779574 213.413408 10.000000 1 6 0.498215
12 w 48.389943 468.878924 10.000000 1 6 0.518085
12 w 223.396607 327.413442 10.000000 1 6 0.487489
12 w 262.996514 164.397569 10.000000 1 6 0.554170
12 w 89.494132 365.911100 10.000000 1 6 0.457744
12 t 130.979647 213.242180 6 7.918806
12 t 126.155405 211.000223 6 12.455203
12 t 127.396180 214.270562 6 14.353871
12 t 129.406230 214.693188 6 10.994366
12 t 127.532891 216.262195 6 9.786969
12 t 128.593252 216.360372 6 12.253431
12 t 125.781410 210.317582 6 9.437504
12 t 127.394547 216.588048 6 4.387582
12 t 125.128187 209.971140 6 10.272162
12 t 128.491380 214.950972 6 12.479078
12 t 129.631768 211.902633 6 7.168454
12 t 125.688289 216.099313 6 10.994223
12 t 125.966453 216.818671 6 7.234939
12 t 127.434107 214.001033 6 13.427180
12 t 129.393056 211.136365 6 13.486713
12 t 132.060372 212.174376 6 8.521184
12 t 130.438374 211.934205 6 8.447914
12 t 127.666701 213.286130 6 4.827459
12 t 127.966203 213.721060 6 5.237399
12 t 129.779443 214.624218 6 13.393279
12 t 127.476916 212.334514 6 5.548798
12 t 129.235009 213.417292 6 10.050443
12 t 128.639934 212.703226 6 9.082108
12 t 129.836885 213.313680 6 14.483275
12 t 127.809139 214.627106 6 14.017609
12 t 47.075093 468.172771 6 8.742246
12 t 51.367844 467.209577 6 12.897535
12 t 50.373024 469.310564 6 8.493180
12 t 50.875773 472.331043 6 9.347831
12 t 50.196931 466.320395 6 9.081090
12 t 50.000330 471.170378 6 19.242311
12 t 50.667265 466.007872 6 7.111537
12 t 48.128887 469.407396 6 13.815618
12 t 50.940568 466.115173 6 13.062075
12 t 49.051630 466.790010 6 12.705533
12 t 51.142545 469.317012 6 11.137640
12 t 46.278157 465.249513 6 11.461805
12 t 47.603850 468.306318 6 10.007331
12 t 46.095622 472.519478 6 11.522056
12 t 46.542166 471.061555 6 1.812686
12 t 51.989624 468.142258 6 10.251164
12 t 45.606208 472.546454 6 12.347603
12 t 48.461305 469.830049 6 10.862060
12 t 48.682497 468.498067 6 15.355190
12 t 49.310043 467.848064 6 8.238594
12 t 49.158936 469.249501 6 8.516476
12 t 47.651323 468.185855 6 8.516187
12 t 48.788192 468.950834 6 14.393840
12 t 47.817890 469.362830 6 8.238088
12 t 49.854670 469.880258 6 14.644939
12 t 220.706264 329.863015 6 5.014777
12 t 220.664897 330.123881 6 1.000000
12 t 223.600325 327.655608 6 5.325309
12 t 223.766727 328.933649 6 10.775879
12 t 223.464895 326.671916 6 12.531132
12 t 220.287924 324.662633 6 1.171753
12 t 225.002588 327.300213 6 6.410384
12 t 222.292216 329.690809 6 11.904893
12 t 221.436297 327.212637 6 10.024510
12 t 222.059881 327.218316 6 13.385231
12 t 225.840049 326.420599 6 2.805594
12 t 226.901703 324.137698 6 10.091198
12 t 224.928468 326.920666 6 10.590378
12 t 222.243208 328.327225 6 8.008676
12 t 222.995539 325.338188 6 12.632570
12 t 224.027261 329.685740 6 4.619627
12 t 224.284101 330.852055 6 10.919107
12 t 222.159214 328.265027 6 3.760566
12 t 223.220542 326.110751 6 3.453129
12 t 223.040748 328.089259 6 5.091969
12 t 223.285940 326.617494 6 13.973372
12 t 222.756427 327.427833 6 9.310169
12 t 223.134833 327.963425 6 16.009658
12 t 222.852153 327.316874 6 5.435516
12 t 222.856744 328.099985 6 12.502873
12 t 266.079516 163.239417 6 17.965315
12 t 262.199570 167.550366 6 9.180909
12 t 260.356685 166.052294 6 11.287465
12 t 262.237688 167.724265 6 7.710855
12 t 265.830229 161.491258 6 2.803390
12 t 266.297363 166.343138 6 5.676733
12 t 263.323285 161.303904 6 9.312063
12 t 263.583259 168.071466 6 10.128472
12 t 261.809381 166.438944 6 6.599271
12 t 263.827832 166.317640 6 6.266553
12 t 259.932192 163.016243 6 12.374567
12 t 260.120103 164.221863 6 17.600258
12 t 265.837582 166.567251 6 11.689127
12 t 266.443447 164.395518 6 7.010607
12 t 262.265600 167.264052 6 11.303800
12 t 266.423284 166.890631 6 9.508151
12 t 259.778330 161.264571 6 6.378804
12 t 261.512663 162.933578 6 14.425994
12 t 264.378302 164.380378 6 9.969921
12 t 263.348155 165.616377 6 6.873018
12 t 262.905695 165.855023 6 14.123974
12 t 262.728037 163.065148 6 10.022216
12 t 262.266855 163.963378 6 14.003172
12 t 262.993924 163.238296 6 7.245397
12 t 262.494783 163.122009 6 13.296780
12 t 88.284725 365.526870 6 3.800758
12 t 90.763404 368.765263 6 3.624225
12 t 89.042595 363.362935 6 7.958078
12 t 91.796143 365.183039 6 9.119788
12 t 92.240963 368.556336 6 6.377582
12 t 87.846087 367.248264 6 11.242287
12 t 93.117877 365.701862 6 7.400459
12 t 92.486953 363.501153 6 8.466261
12 t 86.681071 364.560370 6 16.546437
12 t 92.574776 364.408972 6 10.439447
12 t 91.499341 362.225704 6 10.775464
12 t 89.893063 363.944441 6 4.525402
12 t 88.664123 365.162224 6 7.356944
12 t 92.212406 364.121851 6 12.823644
12 t 87.982131 369.398622 6 9.499363
12 t 91.318198 367.781848 6 7.644683
12 t 91.983289 368.586415 6 18.211292
12 t 89.230150 366.774977 6 12.496078
12 t 88.440709 367.291913 6 6.739776
12 t 90.203585 366.710068 6 4.289220
12 t 90.801465 366.593854 6 10.786185
12 t 89.346037 366.648748 6 11.243960
12 t 89.139306 364.654067 6 14.098460
12 t 90.005192 365.641268 6 9.385825
12 t 88.496296 365.217439 6 11.983314
13 w 134.030957 80.783932 10.000000 1 6 0.479361
13 t 134.888902 81.713899 6 17.137555
13 t 134.624100 79.369100 6 11.425794
13 t 134.238454 84.105244 6 15.415077
13 t 132.002902 77.548119 6 12.422838
13 t 130.947900 84.086761 6 11.729266
13 t 136.325036 78.507830 6 7.726407
13 t 137.268546 78.091417 6 9.464175
13 t 131.683070 81.565520 6 5.057083
13 t 134.279513 78.250665 6 6.221512
13 t 133.696227 80.784250 6 5.029424
13 t 131.596957 78.574091 6 7.426134
13 t 133.682956 82.919816 6 15.254454
13 t 133.450403 82.888574 6 9.487743
13 t 132.376153 83.666873 6 10.891503
13 t 135.275663 79.194548 6 13.550490
13 t 134.344763 83.926835 6 15.561410
13 t 131.462602 80.302745 6 4.004865
13 t 132.591866 79.878805 6 7.793289
13 t 135.173613 80.107873 6 9.812347
13 t 133.483269 81.335590 6 13.112654
13 t 135.194667 81.380277 6 11.228355
13 t 135.391810 82.028559 6 14.364701
13 t 134.725801 81.587758 6 14.267293
13 t 135.387310 81.736785 6 8.806441
13 t 134.469737 79.708441 6 10.690108
14 w 71.413858 51.762930 10.000000 1 6 0.503663
14 w 113.974043 21.190500 10.000000 1 6 0.390950
14 w 232.364515 155.307309 10.000000 1 6 0.561362
14 w 286.225230 391.161357 10.000000 1 6 0.399020
14 t 69.350886 52.622238 6 9.582126
14 t 68.047209 49.311482 6 4.656145
14 t 71.088719 54.110966 6 11.879755
14 t 71.625720 52.537930 6 6.039795
14 t 73.597546 52.785587 6 7.764725
14 t 72.587944 48.406071 6 10.171451
14 t 68.038948 50.511533 6 2.060765
14 t 72.094021 51.890264 6 12.848778
14 t 71.209833 49.774807 6 11.531321
14 t 69.222014 52.928841 6 9.438532
14 t 70.175164 49.080325 6 13.227534
14 t 73.741709 52.552656 6 8.532876
14 t 73.456467 49.733492 6 14.177582
14 t 70.965293 52.418113 6 11.502931
14 t 75.049743 49.510057 6 15.027388
14 t 69.274867 49.839691 6 11.395884
14 t 71.108425 49.755549 6 7.537629
14 t 70.159317 50.622284 6 20.326825
14 t 71.114813 52.183381 6 12.000236
14 t 70.709408 50.670100 6 9.169512
14 t 71.053799 51.426377 6 13.084527
14 t 70.453412 51.741987 6 10.355507
14 t 72.582691 51.931847 6 13.224782
14 t 72.447139 52.805357 6 5.813750
14 t 70.618199 52.168510 6 8.055783
14 t 112.167923 24.044455 6 10.750855
14 t 112.440186 18.593820 6 14.870088
14 t 112.880333 20.344489 6 9.639452
14 t 110.378249 17.842609 6 9.044439
14 t 114.069816 22.109715 6 10.193736
14 t 113.392409 24.090389 6 13.209265
14 t 116.284427 18.157512 6 3.675264
14 t 117.210484 24.624728 6 7.395051
14 t 117.134408 24.344685 6 15.038733
14 t 113.670415 24.881026 6 8.229894
14 t 112.985455 18.163464 6 9.384140
14 t 111.073242 20.563715 6 13.281451
14 t 113.826855 20.893135 6 12.855554
14 t 116.970493 20.485565 6 11.647465
14 t 110.945016 21.303593 6 15.652809
14 t 112.353128 19.736480 6 14.343162
14 t 115.101219 22.577423 6 6.951795
14 t 113.782633 22.333377 6 9.622836
14 t 113.105053 21.887268 6 8.885496
14 t 114.644867 20.643670 6 10.767318
14 t 114.185807 20.384903 6 2.500742
14 t 112.588638 22.463719 6 5.579957
14 t 114.465929 22.068733 6 6.413877
14 t 113.015061 19.853936 6 10.637936
14 t 114.252553 19.971770 6 8.146764
14 t 232.830158 152.882189 6 7.784153
14 t 233.617422 152.407965 6 8.731140
14 t 230.249963 158.704932 6 12.678637
14 t 233.988077 157.544474 6 17.725263
14 t 231.102897 155.720111 6 16.043449
14 t 234.388125 154.571685 6 9.371238
14 t 235.714256 156.116085 6 1.000000
14 t 233.984246 158.925378 6 12.939482
14 t 228.813821 158.954797 6 13.598987
14 t 231.070663 154.519839 6 17.088475
14 t 229.611660 152.395144 6 13.045771
14 t 230.152659 154.433417 6 7.094719
14 t 234.725343 152.445370 6 8.633993
14 t 234.264409 152.643015 6 7.598569
14 t 231.140298 152.162805 6 6.562445
14 t 230.841639 153.232791 6 12.602257
14 t 230.686686 151.948351 6 8.422588
14 t 231.075064 154.535956 6 9.226690
14 t 232.732676 155.210566 6 7.924685
14 t 232.275565 156.058791 6 4.341542
14 t 231.047756 156.076310 6 9.955141
14 t 233.294360 154.212836 6 9.577109
14 t 232.505285 155.659299 6 10.826414
14 t 231.226163 154.597412 6 17.504870
14 t 233.822051 154.772621 6 10.771164
14 t 288.894700 394.473941 6 10.262919
14 t 282.638967 391.548872 6 7.518193
14 t 286.812990 390.966244 6 4.746440
14 t 282.696871 388.266435 6 15.309325
14 t 288.168736 394.642861 6 7.303229
14 t 282.988838 390.082586 6 10.441062
14 t 283.574139 394.322127 6 4.051628
14 t 286.871260 394.275047 6 8.038792
14 t 286.161278 389.226161 6 6.806963
14 t 289.370249 391.946232 6 10.437107
14 t 284.505168 389.443924 6 11.396782
14 t 283.040802 392.867287 6 10.406668
14 t 285.176035 393.967841 6 2.421571
14 t 283.370786 393.493635 6 15.681910
14 t 286.330892 392.180462 6 11.306048
14 t 287.232460 392.583285 6 11.362318
14 t 289.949768 394.608491 6 10.822281
14 t 285.197303 390.413071 6 8.354746
14 t 285.940783 391.268891 6 6.646952
14 t 284.741953 391.054887 6 9.943415
14 t 284.833253 392.517567 6 12.051229
14 t 286.446474 389.696895 6 10.491417
14 t 286.610044 392.279232 6 6.199946
14 t 285.887689 392.565293 6 6.726494
14 t 286.264596 390.766641 6 10.007688
15 w 5.371992 303.165474 10.000000 1 6 0.432207
15 w 51.697331 260.244601 10.000000 1 6 0.558500
15 w 7.483944 413.348030 10.000000 1 6 0.446204
15 w 374.881272 124.877126 10.000000 1 6 0.491492
15 t 6.869116 304.128676 6 3.775926
15 t 3.328672 304.642470 6 1.000000
15 t 3.174098 303.549458 6 14.643478
15 t 1.986681 301.316981 6 8.758527
15 t 7.169605 302.242520 6 11.808512
15 t 8.244387 303.490509 6 15.976074
15 t 5.499673 302.443781 6 8.206057
15 t 8.079514 303.444389 6 12.810381
15 t 7.495074 301.723751 6 10.397116
15 t 8.958900 301.591114 6 12.479875
15 t 6.593450 303.587633 6 9.116267
15 t 6.694245 300.627719 6 10.536477
15 t 7.479399 305.802579 6 5.559920
15 t 1.794622 304.337203 6 6.813061
15 t 8.771911 300.484806 6 9.922989
15 t 2.597304 301.714971 6 14.486358
15 t 6.579346 306.614317 6 16.025553
15 t 3.995722 302.274844 6 7.232149
15 t 4.169911 302.826625 6 4.635924
15 t 4.903412 303.085704 6 11.570620
15 t 5.502887 304.589393 6 11.566996
15 t 4.091812 302.894247 6 8.244210
15 t 5.769391 302.628992 6 13.130109
15 t 5.463986 303.872386 6 7.033161
15 t 6.083118 301.938496 6 10.269724
15 t 53.074156 263.126738 6 17.899312
15 t 53.486490 258.118507 6 8.518794
15 t 53.606916 259.031889 6 11.794032
15 t 51.098798 261.973582 6 11.158765
15 t 49.957840 256.648612 6 15.005369
15 t 55.282418 261.240018 6 10.703845
15 t 50.125078 260.624784 6 15.333295
15 t 52.097678 263.928808 6 13.465286
15 t 54.520700 258.338500 6 9.032014
15 t 52.243092 257.428854 6 13.818102
15 t 52.381173 258.596106 6 12.094271
15 t 48.923366 258.891487 6 8.586996
15 t 54.503586 261.351278 6 7.863695
15 t 52.629745 257.599192 6 7.386219
15 t 49.779756 263.021203 6 11.647302
15 t 50.884510 258.330892 6 14.533916
15 t 50.348574 262.148559 6 4.622412
15 t 52.464554 261.440203 6 5.727678
15 t 52.963909 261.525502 6 17.433670
15 t 51.149597 258.774097 6 10.667944
15 t 51.433347 259.552430 6 13.367956
15 t 52.295119 260.854851 6 11.085945
15 t 51.907988 260.346158 6 8.232479
15 t 51.939453 259.284328 6 3.920289
15 t 51.069261 259.201022 6 11.408711
15 t 6.428294 416.189013 6 9.053798
15 t 10.557779 413.702581 6 17.910754
15 t 9.605350 411.570047 6 17.756198
15 t 10.868361 414.180926 6 9.547551
15 t 8.751581 409.675268 6 9.956453
15 t 5.622984 413.690519 6 8.494016
15 t 7.950276 410.943847 6 13.895498
15 t 5.593209 410.542566 6 5.757828
15 t 9.396808 410.638564 6 11.735363
15 t 4.769652 416.822686 6 23.060570
15 t 6.578568 414.998745 6 7.694061
15 t 10.822998 410.218275 6 14.871165
15 t 10.028582 409.876414 6 10.522362
15 t 5.738160 416.066401 6 13.396400
15 t 6.109195 415.733755 6 18.007546
15 t 8.427879 413.522668 6 7.854051
15 t 10.838750 415.427002 6 15.342597
15 t 8.552846 412.300531 6 12.777725
15 t 7.106758 411.902363 6 15.822624
15 t 7.320958 411.992000 6 7.210817
15 t 8.698925 413.829769 6 8.452276
15 t 8.906342 412.139357 6 11.991862
15 t 7.826567 411.924259 6 11.032359
15 t 6.785911 413.025245 6 8.122436
15 t 7.271402 412.951903 6 10.456236
15 t 372.187407 125.487158 6 11.557577
15 t 372.958854 122.169176 6 7.667570
15 t 371.403752 124.841567 6 10.041074
15 t 375.191009 126.539489 6 9.851274
15 t 377.988878 123.006336 6 15.044594
15 t 374.677463 122.728166 6 18.153960
15 t 372.272736 123.455891 6 10.695231
15 t 372.333738 123.482504 6 8.170539
15 t 373.976208 123.638878 6 17.583734
15 t 378.301963 125.630773 6 10.417124
15 t 372.680000 121.810643 6 4.938691
15 t 376.796447 125.337089 6 8.831686
15 t 375.979016 122.944816 6 13.058982
15 t 378.083665 126.310219 6 13.992318
15 t 374.191448 127.256486 6 16.036127
15 t 375.876102 121.426679 6 15.846601
15 t 372.764107 126.423468 6 9.538998
15 t 376.239708 126.368988 6 7.428515
15 t 373.982673 125.936547 6 13.917376
15 t 373.951049 123.621450 6 10.368613
15 t 373.466508 126.115559 6 5.078153
15 t 373.461847 126.164945 6 6.793301
15 t 376.225914 124.247755 6 8.164417
15 t 374.026797 126.304103 6 1.967417
15 t 374.955500 125.273744 6 7.747806
16 w 86.770551 496.808921 10.000000 1 6 0.391153
16 w 280.288503 198.691039 10.000000 1 6 0.517711
16 w 489.084645 120.681205 10.000000 1 6 0.561310
16 w 80.648487 174.944157 10.000000 1 6 0.494493
16 t 89.049079 499.293326 6 10.338013
16 t 87.821909 499.888117 6 18.660431
16 t 85.212860 498.207000 6 13.885976
16 t 90.326050 498.468634 6 4.006062
16 t 86.030389 497.058028 6 5.645694
16 t 89.387274 499.588064 6 13.244812
16 t 86.301783 499.628377 6 2.486009
16 t 90.218584 499.101483 6 7.912105
16 t 83.712372 493.693728 6 4.115016
16 t 89.579915 497.044812 6 10.037202
16 t 87.082391 497.117091 6 6.738545
16 t 89.368645 493.869652 6 7.013730
16 t 87.208220 496.982324 6 1.000000
16 t 87.178036 499.227070 6 11.906473
16 t 83.561709 497.259650 6 11.299923
16 t 87.443656 493.374150 6 8.355540
16 t 86.925566 500.275459 6 11.537116
16 t 88.106280 495.439019 6 7.382641
16 t 86.743736 496.614511 6 4.902462
16 t 88.132718 497.271677 6 4.567075
16 t 86.225423 498.129712 6 11.717166
16 t 87.111729 497.988461 6 7.714482
16 t 86.300286 497.620192 6 15.933595
16 t 88.222181 497.596756 6 12.221794
16 t 85.330101 497.529814 6 11.812222
16 t 281.889165 198.562993 6 14.153629
16 t 278.514297 200.502554 6 14.879137
16 t 283.708100 195.117057 6 12.352043
16 t 279.473396 197.086060 6 14.337433
16 t 283.334179 196.721323 6 4.767067
16 t 279.379032 200.074286 6 11.038961
16 t 278.473257 201.398692 6 5.415084
16 t 276.866479 195.579772 6 13.421240
16 t 281.071494 198.098506 6 8.525836
16 t 282.477173 196.778602 6 7.925853
16 t 282.646781 195.631610 6 11.485591
16 t 277.090175 199.263459 6 10.765390
16 t 277.554981 201.104968 6 11.610614
16 t 276.821030 202.112758 6 10.714992
16 t 278.002743 201.441997 6 8.531724
16 t 283.778781 197.485944 6 10.367893
16 t 283.134571 196.982233 6 11.623173
16 t 280.513105 199.979891 6 8.852082
16 t 280.603245 199.776603 6 7.279596
16 t 281.692579 199.958958 6 11.605561
16 t 280.645620 197.584949 6 7.954349
16 t 279.086804 199.810244 6 13.677486
16 t 281.385471 199.968366 6 9.980541
16 t 281.572093 198.072221 6 11.911606
16 t 279.435587 197.496390 6 14.109824
16 t 487.833026 120.453329 6 9.684370
16 t 492.685870 120.596735 6 5.780962
16 t 489.468456 124.236860 6 17.904265
16 t 486.698190 119.637408 6 7.580833
16 t 491.924086 119.798076 6 15.715263
16 t 490.926623 122.975899 6 10.102288
16 t 489.146774 121.661497 6 9.878095
16 t 490.606194 121.692763 6 13.555438
16 t 489.615556 121.127935 6 8.061837
16 t 490.815425 117.529951 6 8.035224
16 t 489.437242 117.203070 6 1.000000
16 t 491.110511 122.724069 6 9.792091
16 t 492.542028 118.326309 6 14.639942
16 t 486.679653 120.242130 6 13.427361
16 t 486.065771 124.417390 6 13.068282
16 t 485.660247 121.161921 6 14.878841
16 t 488.830013 119.273126 6 9.511849
16 t 489.966858 119.708216 6 10.181485
16 t 489.542342 119.466806 6 9.742360
16 t 489.883806 119.200702 6 15.419016
16 t 490.312844 121.444320 6 7.688773
16 t 489.177961 120.366191 6 11.330991
16 t 488.493829 121.056286 6 5.295723
16 t 489.975092 121.849242 6 13.130845
16 t 488.124629 119.409817 6 6.667963
16 t 81.582374 175.094399 6 5.243172
16 t 82.273214 174.956378 6 17.326088
16 t 82.456445 174.066696 6 7.120393
16 t 80.763651 178.129312 6 9.864652
16 t 84.070970 172.811496 6 16.441804
16 t 82.200457 173.628061 6 5.666304
16 t 78.960269 173.749059 6 10.845027
16 t 79.078206 172.733575 6 11.394082
16 t 80.439917 174.523447 6 4.262176
16 t 77.794486 177.681710 6 3.513311
16 t 81.971363 174.410143 6 9.058466
16 t 83.227597 171.285269 6 10.319378
16 t 78.716887 173.346002 6 14.003098
16 t 77.461690 172.473917 6 10.922421
16 t 78.108070 174.340788 6 14.986108
16 t 77.842677 174.746021 6 12.142907
16 t 78.719482 177.931451 6 6.194724
16 t 79.352820 174.017567 6 3.262686
16 t 81.538961 175.559341 6 14.135405
16 t 79.192713 175.800786 6 13.138470
16 t 82.141615 173.813684 6 9.381142
16 t 80.409942 176.093576 6 5.850187
16 t 79.970334 174.160485 6 5.678523
16 t 79.227580 175.863228 6 12.588949
16 t 81.201594 174.347541 6 8.185507
17 w 16.214980 128.136963 10.000000 1 6 0.620513
17 w 13.434410 103.448193 10.000000 1 6 0.446073
17 w 374.960029 325.083711 10.000000 1 6 0.443037
17 w 133.403244 335.901358 10.000000 1 6 0.559766
17 t 12.490190 129.790094 6 7.609847
17 t 13.480228 125.040453 6 8.734587
17 t 13.071068 125.738304 6 12.785763
17 t 15.267352 126.420166 6 17.951163
17 t 14.513404 125.613574 6 11.177294
17 t 19.902099 125.372443 6 10.598903
17 t 14.922594 126.539554 6 8.888653
17 t 14.223591 125.474400 6 7.087159
17 t 18.523869 130.440990 6 12.423755
17 t 14.562548 129.373507 6 8.031440
17 t 18.907641 125.517028 6 10.592252
17 t 16.741621 131.401972 6 12.088504
17 t 18.850739 131.251967 6 7.056795
17 t 13.782528 127.600827 6 14.270910
17 t 19.040935 129.966525 6 7.383117
17 t 16.673675 125.917680 6 4.412077
17 t 18.470494 130.521244 6 15.982636
17 t 15.417798 126.669796 6 16.547516
17 t 15.058952 129.208002 6 10.515506
17 t 15.955154 127.463930 6 6.211042
17 t 17.509664 129.236868 6 9.760466
17 t 17.470581 129.619298 6 13.492167
17 t 17.444499 129.167626 6 6.252954
17 t 15.256758 128.709877 6 16.353393
17 t 15.204698 128.592744 6 14.558280
17 t 13.586844 101.457624 6 12.773839
17 t 16.353964 106.067166 6 16.640462
17 t 14.737415 101.375682 6 16.574176
17 t 9.789685 106.168857 6 15.618320
17 t 14.900712 101.418837 6 4.353125
17 t 14.595598 105.646223 6 10.169172
17 t 13.214161 106.813360 6 18.991291
17 t 14.990262 104.692345 6 4.682204
17 t 9.873237 101.433016 6 6.518330
17 t 13.784794 100.006559 6 18.492280
17 t 11.880881 105.173070 6 13.774225
17 t 16.559276 101.660801 6 15.640203
17 t 14.807345 100.297786 6 14.841333
17 t 13.727835 104.928597 6 5.433031
17 t 14.916355 99.810486 6 9.410430
17 t 15.436091 101.666774 6 9.762273
17 t 15.792953 103.922767 6 5.034592
17 t 13.328170 102.649398 6 11.640623
17 t 12.788570 103.062273 6 8.614898
17 t 12.380559 103.868360 6 15.304680
17 t 14.270289 102.902199 6 6.811083
17 t 12.337978 102.369859 6 6.253961
17 t 13.676292 104.253737 6 16.444707
17 t 14.768249 102.698676 6 7.175686
17 t 14.715214 102.475662 6 9.018068
17 t 376.410772 324.564324 6 7.635291
17 t 375.525437 328.119653 6 9.049974
17 t 374.484319 327.469384 6 14.449682
17 t 372.996869 323.775909 6 12.213891
17 t 375.951196 327.134524 6 8.425916
17 t 373.535415 325.758959 6 5.468041
17 t 376.165669 325.333946 6 16.549245
17 t 372.105787 323.635624 6 12.658111
17 t 374.675873 328.734092 6 8.864069
17 t 371.255241 328.326465 6 11.918907
17 t 373.194608 323.313748 6 16.565894
17 t 374.777976 324.752747 6 6.453698
17 t 375.056148 324.080709 6 8.174942
17 t 378.391993 321.581882 6 12.108854
17 t 376.098342 328.753183 6 10.404745
17 t 373.041582 323.233071 6 15.287992
17 t 371.729854 321.754416 6 9.971144
17 t 376.280568 326.579632 6 16.219399
17 t 375.068596 324.045953 6 9.981566
17 t 376.022083 324.872196 6 10.422518
17 t 374.082254 325.917372 6 6.730342
17 t 375.248120 326.088427 6 15.511329
17 t 373.881053 325.719081 6 15.372160
17 t 376.348875 325.931786 6 11.578873
17 t 373.813762 324.994219 6 8.341987
17 t 132.929275 336.924227 6 10.773978
17 t 135.623903 332.420736 6 12.634760
17 t 133.604446 338.558257 6 9.783169
17 t 130.516353 338.607834 6 4.538159
17 t 132.716550 332.230840 6 11.981844
17 t 131.098297 335.902887 6 9.184120
17 t 133.686005 336.344787 6 11.889395
17 t 132.701051 335.103871 6 6.115463
17 t 129.997322 333.004865 6 3.784862
17 t 136.191455 336.161622 6 13.614856
17 t 135.903995 336.740801 6 7.777931
17 t 136.753626 335.744135 6 8.438856
17 t 134.167083 334.838545 6 8.996676
17 t 129.829220 333.838405 6 4.144959
17 t 135.255591 335.021762 6 11.909160
17 t 132.559138 338.270979 6 10.496288
17 t 135.027269 333.696522 6 15.480121
17 t 133.590085 336.200415 6 8.671300
17 t 133.844175 337.179633 6 13.507008
17 t 134.775191 336.869801 6 12.262049
17 t 134.515520 334.540614 6 6.318228
17 t 132.442948 334.512830 6 4.648809
17 t 132.291417 335.302078 6 5.857797
17 t 134.091756 336.795668 6 2.114701
17 t 133.088218 337.191229 6 9.969482
18 w 395.759161 389.284349 10.000000 1 6 0.469546
18 t 396.248391 389.286893 6 11.114953
18 t 397.390302 390.288504 6 9.730425
18 t 392.043914 391.127961 6 10.877083
18 t 393.149263 387.928552 6 10.870211
18 t 392.183100 385.644867 6 10.715609
18 t 394.193758 392.804295 6 9.763203
18 t 392.973583 390.575302 6 8.106987
18 t 392.684192 387.675656 6 9.037318
18 t 396.738747 390.087124 6 3.633358
18 t 398.742032 385.881434 6 11.228649
18 t 394.985500 388.982256 6 1.851177
18 t 399.485428 392.039328 6 13.066155
18 t 394.383669 389.887641 6 9.107800
18 t 394.428541 391.546316 6 9.227272
18 t 397.884839 390.907958 6 13.085357
18 t 397.719485 391.764456 6 13.215873
18 t 394.912946 386.502559 6 3.516776
18 t 396.134587 390.643687 6 14.707045
18 t 396.691429 390.327159 6 13.804451
18 t 394.963495 387.939164 6 12.209043
18 t 397.124511 389.880575 6 5.454604
18 t 396.431486 389.392900 6 9.241373
18 t 395.046933 388.822528 6 11.705610
18 t 396.104336 388.804066 6 5.651276
18 t 395.648908 388.151098 6 10.166380
19 w 498.943104 144.796216 10.000000 1 6 0.478499
19 w 125.055789 440.807830 10.000000 1 6 0.455307
19 w 93.226437 31.997987 10.000000 1 6 0.601942
19 w 487.921311 397.919068 10.000000 1 6 0.514005
19 t 495.687473 144.170966 6 9.358064
19 t 501.783059 145.387528 6 10.140644
19 t 502.690619 142.531403 6 11.728127
19 t 500.616470 144.113750 6 8.424740
19 t 499.671681 141.193675 6 9.359681
19 t 500.689099 143.019691 6 6.704719
19 t 497.786072 145.675007 6 8.931347
19 t 499.790728 143.099279 6 4.631456
19 t 501.221495 147.271566 6 15.668140
19 t 500.590999 143.408450 6 10.917666
19 t 496.510178 144.074700 6 11.926692
19 t 498.832724 145.695209 6 11.687581
19 t 498.994217 147.687390 6 10.885925
19 t 499.302354 144.098038 6 16.050085
19 t 499.657727 147.788152 6 5.678726
19 t 502.614865 145.534342 6 8.095444
19 t 502.086722 148.150871 6 10.686509
19 t 499.536833 145.844400 6 11.280393
19 t 499.405513 143.576584 6 6.052669
19 t 499.367663 143.891050 6 5.435195
19 t 499.591758 145.841080 6 8.981529
19 t 497.843833 144.907028 6 2.351956
19 t 499.089482 143.879272 6 15.239386
19 t 498.931318 145.292717 6 17.030562
19 t 498.465346 144.462076 6 10.552180
19 t 124.591288 442.349111 6 10.741129
19 t 124.543112 437.708144 6 6.677652
19 t 127.304564 442.407445 6 15.111558
19 t 127.284829 439.217885 6 8.944317
19 t 127.376047 443.389120 6 17.310414
19 t 126.503191 443.941259 6 12.874282
19 t 123.922926 440.155040 6 12.707155
19 t 122.913205 439.053062 6 4.465770
19 t 126.008485 440.324311 6 2.532533
19 t 127.536972 438.936842 6 11.561607
19 t 125.955714 442.236170 6 10.333123
19 t 125.740660 440.847615 6 10.995999
19 t 125.472897 441.250783 6 10.302732
19 t 125.434346 441.577089 6 8.783710
19 t 125.261361 439.890917 6 1.174218
19 t 125.026030 443.335737 6 17.498712
19 t 124.386691 441.488393 6 11.856446
19 t 125.320108 440.648517 6 12.796567
19 t 125.833434 440.227349 6 15.239550
19 t 124.402704 439.806161 6 10.998600
19 t 126.527523 441.078875 6 18.298037
19 t 124.434420 441.030140 6 11.156198
19 t 125.206947 440.417083 6 13.222634
19 t 125.643998 440.028580 6 1.820027
19 t 126.361328 441.974727 6 15.003417
19 t 93.475835 34.304130 6 14.186451
19 t 93.269567 32.470041 6 4.322719
19 t 94.600108 34.266517 6 11.584574
19 t 92.914022 29.986239 6 6.387979
19 t 92.695730 29.385511 6 11.214876
19 t 95.068971 33.571667 6 10.142269
19 t 96.090650 31.166694 6 8.156300
19 t 94.523516 31.233744 6 10.553968
19 t 96.463828 32.119897 6 8.782498
19 t 90.180324 29.031483 6 13.657571
19 t 91.761311 35.563535 6 7.710431
19 t 95.142001 29.062160 6 11.876316
19 t 93.772408 31.001255 6 10.109370
19 t 96.017438 31.603367 6 10.378873
19 t 94.354637 29.036533 6 5.227160
19 t 96.179026 32.283528 6 15.134378
19 t 91.559503 30.860628 6 8.061716
19 t 94.599146 31.707559 6 10.571567
19 t 93.526607 33.142659 6 14.225659
19 t 93.921084 32.963542 6 10.482257
19 t 93.580343 31.815182 6 6.641193
19 t 93.765161 33.138025 6 9.786488
19 t 92.281489 32.463062 6 1.000000
19 t 92.243372 32.665086 6 4.703118
19 t 92.388739 30.606939 6 15.429391
19 t 488.699798 400.952325 6 16.180218
19 t 487.339081 395.998850 6 12.981020
19 t 487.235424 401.394805 6 14.714108
19 t 487.637149 396.629556 6 9.906578
19 t 486.167362 396.488207 6 8.538376
19 t 486.289785 399.290076 6 13.908540
19 t 488.898993 395.401017 6 8.776081
19 t 484.857089 399.692519 6 11.294607
19 t 484.431711 396.518614 6 15.270523
19 t 485.476771 399.462134 6 7.985094
19 t 485.326026 395.456293 6 9.381067
19 t 485.045537 400.064131 6 10.252327
19 t 490.668867 397.296311 6 14.896818
19 t 489.438169 398.255511 6 12.886765
19 t 485.020310 394.982620 6 11.590174
19 t 485.587109 400.987604 6 9.187022
19 t 488.269769 398.870658 6 14.826385
19 t 487.645324 397.260926 6 6.636543
19 t 488.228289 399.307674 6 6.132925
19 t 488.415876 398.632381 6 5.265750
19 t 487.066638 397.447868 6 16.201802
19 t 489.270573 399.240921 6 9.234274
19 t 488.021972 399.004457 6 12.453695
19 t 489.014326 399.389667 6 8.491356
19 t 489.177945 396.603272 6 11.159634
20 w 217.488408 499.935008 10.000000 1 6 0.540551
20 w 74.604527 168.472534 10.000000 1 6 0.439424
20 w 49.670577 318.297439 10.000000 1 6 0.564249
20 w 170.480873 475.665704 10.000000 1 6 0.543330
20 t 214.230511 496.916268 6 9.464670
20 t 215.271725 497.751123 6 9.133785
20 t 220.141781 500.231075 6 13.290625
20 t 219.577467 496.962337 6 8.196335
20 t 214.735050 500.799398 6 8.295698
20 t 218.960998 499.662001 6 16.396353
20 t 217.875502 499.476727 6 13.940206
20 t 220.089577 501.577200 6 9.056456
20 t 220.624856 499.218525 6 8.576288
20 t 216.964521 497.131725 6 21.099278
20 t 216.654028 498.197401 6 14.903454
20 t 220.556321 500.204101 6 11.039764
20 t 214.256525 497.333407 6 19.202512
20 t 219.373876 502.797567 6 6.557219
20 t 219.733909 500.665616 6 12.973695
20 t 220.525823 500.583046 6 15.493877
20 t 215.558723 496.470398 6 12.613291
20 t 216.564176 499.047443 6 17.635475
20 t 218.713393 498.701559 6 3.901953
20 t 218.717963 500.858749 6 9.218594
20 t 217.894108 499.218063 6 13.578422
20 t 216.343884 499.889763 6 14.386044
20 t 217.869681 499.427545 6 10.440936
20 t 217.396723 500.902092 6 18.583328
20 t 217.757964 499.233212 6 9.005690
20 t 75.719341 166.889523 6 12.705840
20 t 74.294180 170.335830 6 15.057314
20 t 71.116351 165.621027 6 10.018915
20 t 77.382174 168.545972 6 13.757328
20 t 71.005548 170.480747 6 10.256175
20 t 76.721338 172.182139 6 9.729908
20 t 75.306859 169.154887 6 7.730631
20 t 72.623559 168.716667 6 14.323130
20 t 71.371027 168.144005 6 9.256892
20 t 72.314705 168.037668 6 16.434908
20 t 75.110217 170.433010 6 8.487490
20 t 78.147855 166.207323 6 9.651528
20 t 78.272713 169.674548 6 9.124224
20 t 73.646710 167.563944 6 3.882261
20 t 74.898462 165.844413 6 15.946177
20 t 74.660086 168.808131 6 8.895223
20 t 75.791879 168.090884 6 8.058251
20 t 73.740855 168.670159 6 7.900678
20 t 75.148345 169.894540 6 6.093699
20 t 75.528861 167.109295 6 4.809062
20 t 75.538563 169.879069 6 8.640707
20 t 74.766046 168.565156 6 11.882555
20 t 73.797039 168.800433 6 10.328818
20 t 73.431350 168.173630 6 7.875970
20 t 75.309247 167.206012 6 6.876957
20 t 51.082444 315.105145 6 13.959105
20 t 47.267979 318.740324 6 5.633612
20 t 52.472526 319.480594 6 7.781123
20 t 52.118927 318.516324 6 10.350060
20 t 46.586242 315.460647 6 14.225982
20 t 50.467509 319.245452 6 5.857515
20 t 45.928207 320.852778 6 11.759718
20 t 48.152970 320.367721 6 2.899817
20 t 46.416154 316.355415 6 5.219810
20 t 46.028169 319.834031 6 9.968924
20 t 52.537743 321.794211 6 5.694785
20 t 51.604268 316.300513 6 6.831547
20 t 52.918034 316.823289 6 13.663740
20 t 49.044211 315.392937 6 7.944085
20 t 47.883738 315.531879 6 13.992062
20 t 50.139750 322.026417 6 11.326231
20 t 51.792522 318.425374 6 7.306660
20 t 50.581332 317.155104 6 10.380428
20 t 50.034311 319.710509 6 13.346374
20 t 49.787109 318.094868 6 14.894060
20 t 50.440734 318.114321 6 12.765917
20 t 50.303443 317.474893 6 8.371518
20 t 49.854674 318.250535 6 3.324640
20 t 48.314802 319.137482 6 9.491100
20 t 50.455810 316.904251 6 10.397990
20 t 169.330145 475.728793 6 4.829884
20 t 171.294857 473.430851 6 16.248798
20 t 171.238635 476.900845 6 4.136700
20 t 170.078834 478.144865 6 4.716302
20 t 172.519501 477.513697 6 12.178940
20 t 167.226959 478.394435 6 6.459174
20 t 168.851957 472.337860 6 9.932946
20 t 172.939366 474.041301 6 7.303676
20 t 169.511073 478.278211 6 14.865734
20 t 167.686540 472.511252 6 10.237742
20 t 166.937023 477.960177 6 5.945036
20 t 169.501037 478.441084 6 4.017904
20 t 169.330004 478.060937 6 9.146844
20 t 172.126075 476.411464 6 8.483476
20 t 172.433150 476.655383 6 9.489896
20 t 167.499672 475.167167 6 9.356029
20 t 171.283830 479.411588 6 8.802218
20 t 171.847731 476.567757 6 13.083877
20 t 171.507528 474.492041 6 11.331365
20 t 169.910890 476.800419 6 9.027250
20 t 171.241612 476.073303 6 7.836352
20 t 171.090541 476.261748 6 9.458325
20 t 169.922526 476.747193 6 12.246498
20 t 169.428808 474.609068 6 10.519582
20 t 171.645143 476.886070 6 9.412471
21 w 351.910678 262.339954 10.000000 1 6 0.571242
21 w 94.676333 141.509143 10.000000 1 6 0.418471
21 w 19.816781 466.193098 10.000000 1 6 0.506683
21 w 18.736607 39.614398 10.000000 1 6 0.478255
21 t 352.407842 263.467458 6 15.331086
21 t 355.504433 265.754312 6 10.715682
21 t 348.705366 258.601952 6 6.108330
21 t 352.104791 264.492979 6 11.781549
21 t 350.551470 263.867733 6 13.485934
21 t 352.691426 265.643211 6 3.808502
21 t 349.798532 259.043171 6 10.315687
21 t 353.969691 265.757630 6 5.354241
21 t 350.217507 266.074033 6 14.910166
21 t 352.581728 264.145934 6 16.792704
21 t 349.921761 264.438970 6 10.589975
21 t 351.163994 264.805616 6 7.969462
21 t 351.918798 258.965249 6 5.198618
21 t 354.929093 260.843096 6 14.938239
21 t 354.602510 264.606045 6 11.691203
21 t 352.830117 265.168376 6 16.504321
21 t 348.569167 265.844687 6 16.324030
21 t 350.986665 261.396815 6 10.945172
21 t 352.318794 261.603866 6 6.401682
21 t 352.693251 263.732698 6 10.201496
21 t 352.297863 261.108015 6 8.028845
21 t 351.618713 263.760857 6 7.016524
21 t 353.285860 261.584270 6 5.536728
21 t 351.822634 262.359528 6 11.538707
21 t 353.323203 262.647048 6 1.000000
21 t 93.925683 138.184517 6 12.761394
21 t 95.306811 139.912730 6 13.420983
21 t 95.561544 143.067692 6 10.941850
21 t 95.688769 141.803188 6 14.934209
21 t 96.266131 140.536021 6 6.272007
21 t 94.556518 140.210870 6 11.397651
21 t 91.715462 140.212700 6 7.382173
21 t 93.549540 144.103993 6 10.445738
21 t 98.251921 139.642665 6 11.614394
21 t 94.273952 142.574192 6 9.893477
21 t 90.938836 144.021646 6 3.413096
21 t 96.880907 139.479564 6 7.993940
21 t 95.296036 142.564996 6 10.914338
21 t 95.522708 143.644387 6 11.025167
21 t 91.411186 145.090851 6 9.409106
21 t 95.490691 137.899865 6 5.556250
21 t 93.750033 140.515479 6 7.820965
21 t 95.094417 140.086021 6 13.161437
21 t 95.833945 141.600539 6 2.269556
21 t 94.616749 141.383282 6 12.356884
21 t 95.601449 142.982322 6 18.631936
21 t 93.797418 140.484989 6 14.044647
21 t 94.500559 141.003247 6 10.094374
21 t 95.363030 142.658407 6 11.724834
21 t 95.648438 142.075181 6 11.209966
21 t 20.446447 469.299383 6 9.643497
21 t 19.372622 466.142967 6 12.566805
21 t 21.131576 469.648019 6 10.934253
21 t 16.739512 469.627911 6 5.287087
21 t 16.096699 469.678892 6 4.001199
21 t 20.826367 463.164564 6 5.052664
21 t 20.514728 464.806589 6 8.194428
21 t 23.050377 468.265332 6 5.799552
21 t 21.673833 469.767204 6 13.887825
21 t 18.839703 466.151818 6 23.173447
21 t 19.338497 462.601633 6 12.630566
21 t 23.010795 469.203925 6 6.353428
21 t 19.503513 467.956721 6 1.000000
21 t 20.741814 465.742782 6 12.416736
21 t 19.009994 466.793037 6 8.673975
21 t 20.856090 465.443595 6 10.656832
21 t 17.089328 465.300010 6 8.118005
21 t 19.868174 465.915938 6 9.136279
21 t 20.361792 464.993828 6 10.202347
21 t 20.044066 466.455787 6 14.094769
21 t 18.385358 465.254097 6 13.424035
21 t 21.014157 464.860399 6 9.114730
21 t 18.564616 465.209425 6 8.513077
21 t 19.445756 467.123133 6 9.248231
21 t 18.697789 466.210451 6 8.188978
21 t 15.008458 39.987232 6 11.853803
21 t 19.441547 39.238404 6 6.068155
21 t 22.042174 36.457638 6 6.503596
21 t 22.137981 37.623604 6 9.652839
21 t 21.020983 39.773585 6 5.466731
21 t 20.749524 41.049741 6 11.739807
21 t 17.058926 41.282288 6 11.078511
21 t 18.012030 37.840530 6 12.484826
21 t 19.244781 42.427824 6 14.297563
21 t 15.706865 42.647869 6 12.880306
21 t 16.557987 43.196330 6 10.104126
21 t 16.600759 37.255489 6 13.994651
21 t 19.526961 36.114711 6 13.132792
21 t 20.301962 38.885588 6 11.195565
21 t 20.336542 38.332159 6 5.171893
21 t 20.580742 41.849003 6 12.017555
21 t 20.912028 41.577170 6 9.887795
21 t 19.012072 39.427269 6 15.784145
21 t 19.844198 38.278887 6 12.510831
21 t 17.495035 40.272407 6 7.885188
21 t 19.435014 39.794301 6 17.924532
21 t 17.400326 40.599186 6 16.113218
21 t 17.453494 39.270142 6 8.285511
21 t 19.320545 38.882341 6 12.335208
21 t 17.854487 38.264553 6 12.496215
22 w 23.332918 332.750437 10.000000 1 6 0.476211
22 w 18.458941 418.543925 10.000000 1 6 0.518338
22 w 234.025990 57.610715 10.000000 1 6 0.528089
22 w 294.438153 300.769224 10.000000 1 6 0.419795
22 w 444.030179 87.025654 10.000000 1 6 0.463706
22 w 116.947251 9.080523 10.000000 1 6 0.428113
22 t 24.434172 333.505958 6 12.140526
22 t 19.929314 334.080235 6 8.924064
22 t 24.934725 335.550485 6 6.978655
22 t 22.167965 335.372320 6 15.137581
22 t 23.530475 332.842472 6 8.412800
22 t 25.812439 334.646911 6 10.885061
22 t 23.967690 334.755010 6 8.636670
22 t 22.190165 330.755062 6 7.324326
22 t 20.588769 331.366782 6 12.796121
22 t 25.358755 330.201483 6 7.903885
22 t 25.254490 333.373884 6 8.323010
22 t 26.514391 335.159674 6 15.303069
22 t 24.480879 333.249723 6 8.146431
22 t 27.035637 334.887217 6 14.481438
22 t 21.170539 333.258046 6 19.471021
22 t 19.905368 330.036280 6 8.811234
22 t 24.257735 335.718330 6 10.636454
22 t 22.939251 332.067680 6 14.183612
22 t 23.320223 333.233356 6 2.453887
22 t 23.899655 332.561508 6 9.825947
22 t 23.534391 331.745236 6 6.803608
22 t 21.957104 331.763888 6 7.703979
22 t 23.237398 331.707764 6 10.479142
22 t 24.409167 333.023123 6 11.962692
22 t 24.508648 334.144361 6 3.822715
22 t 20.430689 418.211687 6 7.263972
22 t 16.381937 417.340082 6 13.426861
22 t 21.121033 420.183931 6 10.942602
22 t 17.789793 419.352851 6 9.496358
22 t 17.670661 416.782160 6 12.441975
22 t 21.730747 415.686614 6 10.902233
22 t 16.185939 421.684211 6 14.624547
22 t 20.182938 416.423094 6 9.708640
22 t 16.231565 417.698108 6 8.473533
22 t 20.055798 417.319183 6 17.070750
22 t 19.333039 421.591321 6 8.872498
22 t 17.712237 416.212205 6 8.807202
22 t 16.130026 417.677322 6 18.160367
22 t 19.085922 415.335340 6 13.257210
22 t 20.488723 414.927317 6 14.888789
22 t 17.008840 421.543131 6 9.145213
22 t 16.831923 417.160878 6 9.421475
22 t 19.370531 418.604645 6 7.847097
22 t 17.220613 417.819922 6 5.758055
22 t 19.852435 417.136087 6 11.013027
22 t 17.897634 419.033914 6 7.664359
22 t 17.415742 418.189376 6 6.416470
22 t 19.948052 419.837971 6 14.645421
22 t 19.782782 419.934618 6 8.660950
22 t 19.543816 417.092013 6 12.030584
22 t 234.064709 56.151115 6 9.047979
22 t 233.630342 60.323780 6 11.083250
22 t 235.394393 59.900020 6 13.023342
22 t 230.309099 55.186458 6 13.116050
22 t 235.623955 54.619672 6 12.370836
22 t 231.263950 55.449475 6 12.253893
22 t 235.249946 55.424423 6 15.083972
22 t 236.954173 56.990264 6 7.308521
22 t 236.089667 57.832210 6 13.655130
22 t 237.536539 59.376567 6 10.757561
22 t 234.347194 59.891715 6 14.237095
22 t 234.957294 56.433014 6 12.351203
22 t 233.467379 56.679271 6 8.423286
22 t 236.935446 56.934007 6 1.000000
22 t 236.314632 57.031323 6 10.559783
22 t 231.231653 57.535878 6 14.915955
22 t 235.290703 58.492673 6 9.783658
22 t 234.660408 58.676248 6 9.657670
22 t 232.993408 57.167995 6 8.841577
22 t 234.473616 56.411027 6 11.675883
22 t 234.693747 56.488005 6 7.421545
22 t 232.817946 58.191534 6 16.640380
22 t 234.266650 57.919681 6 13.592231
22 t 233.396118 57.231205 6 7.753507
22 t 233.307167 57.804474 6 12.498101
22 t 297.675782 299.343585 6 15.852962
22 t 295.340285 301.104423 6 13.569086
22 t 296.928554 301.875807 6 6.582409
22 t 295.467937 297.733213 6 16.354414
22 t 294.797338 303.377292 6 5.835227
22 t 297.628515 300.170148 6 7.009604
22 t 292.113569 298.016897 6 7.670516
22 t 292.462889 298.691783 6 8.046028
22 t 297.162885 300.483775 6 12.207081
22 t 291.827756 297.809207 6 16.000893
22 t 297.499247 298.368189 6 15.452458
22 t 294.871750 299.930182 6 13.041658
22 t 294.005053 303.609042 6 16.352171
22 t 293.485273 302.869199 6 8.166205
22 t 290.829395 299.111523 6 9.455063
22 t 292.747326 300.510860 6 8.139274
22 t 296.682200 301.232155 6 11.186390
22 t 293.369025 300.096690 6 14.778758
22 t 295.452185 300.043905 6 10.326054
22 t 295.277066 299.894447 6 10.889034
22 t 294.674902 302.000662 6 10.830830
22 t 294.033759 299.617619 6 6.219497
22 t 293.071146 300.056861 6 12.291415
22 t 294.048804 299.369874 6 4.479746
22 t 295.005308 299.623023 6 5.423757
22 t 443.652373 89.207915 6 13.044095
22 t 444.593895 85.304157 6 9.292891
22 t 444.503511 84.892822 6 1.135532
22 t 442.935640 90.064507 6 11.523571
22 t 444.184538 85.476803 6 12.859103
22 t 444.966528 85.116187 6 12.895743
22 t 442.810281 85.841304 6 8.611058
22 t 442.197625 85.335303 6 3.461766
22 t 441.816315 90.404498 6 11.237503
22 t 441.456366 84.490540 6 6.439097
22 t 444.718966 87.186353 6 11.232824
22 t 446.636342 88.820922 6 8.113665
22 t 440.610662 89.744850 6 3.296525
22 t 443.592889 85.861795 6 10.221537
22 t 445.374845 86.513957 6 11.542327
22 t 444.978781 90.561507 6 5.300690
22 t 443.928435 88.680763 6 11.151103
22 t 442.920291 86.043294 6 10.342399
22 t 443.579577 87.782587 6 8.514414
22 t 444.355852 88.377371 6 15.767511
22 t 443.912496 85.950202 6 18.818998
22 t 444.437006 87.978505 6 11.215353
22 t 444.051410 85.674331 6 14.553050
22 t 443.043414 87.619428 6 9.127912
22 t 443.325843 88.051986 6 14.241122
22 t 117.637558 8.132899 6 4.894122
22 t 117.024885 11.716711 6 9.141076
22 t 119.101051 8.668108 6 9.421822
22 t 117.248335 6.727930 6 8.182057
22 t 115.000812 5.862677 6 3.889040
22 t 118.092593 9.156402 6 10.500483
22 t 120.559069 10.004970 6 10.171060
22 t 118.805431 11.071526 6 7.657778
22 t 117.544636 11.896355 6 8.058836
22 t 114.107658 12.429369 6 9.453865
22 t 118.431771 8.640562 6 8.875582
22 t 117.906652 8.764545 6 11.211692
22 t 117.020401 11.028117 6 11.908066
22 t 114.561535 12.076854 6 19.293558
22 t 117.813576 6.224508 6 3.194408
22 t 120.228125 12.442033 6 13.323581
22 t 114.549620 11.140626 6 11.686187
22 t 116.309266 8.584640 6 11.353981
22 t 117.786004 8.475161 6 11.802376
22 t 117.511675 9.730938 6 9.514145
22 t 116.680717 10.239003 6 9.428542
22 t 117.502212 10.261823 6 13.646347
22 t 116.849459 9.303923 6 13.056547
22 t 117.768645 10.360441 6 7.620099
22 t 117.603941 9.758028 6 12.035881
23 w 427.938231 111.586470 10.000000 1 6 0.372288
23 w 284.657681 403.226530 10.000000 1 6 0.539543
23 w 487.944144 272.190840 10.000000 1 6 0.385855
23 t 429.218457 114.655211 6 12.141975
23 t 431.232840 114.038460 6 9.883951
23 t 424.558018 109.848023 6 17.285758
23 t 425.646755 111.240320 6 6.322339
23 t 427.884189 110.326959 6 8.483866
23 t 425.247529 114.487165 6 11.883698
23 t 431.166925 113.807427 6 4.457564
23 t 428.488971 109.160293 6 10.378223
23 t 429.342484 115.325907 6 6.338820
23 t 424.734320 108.433084 6 7.262208
23 t 431.577401 113.222361 6 15.103011
23 t 426.362302 114.692000 6 7.112714
23 t 428.933038 111.598669 6 15.763699
23 t 425.595142 114.033070 6 14.671752
23 t 427.831105 109.079013 6 12.689102
23 t 430.440320 112.463915 6 5.712141
23 t 430.163007 108.400970 6 11.614289
23 t 428.723293 110.193042 6 12.425692
23 t 427.848424 112.017497 6 1.555818
23 t 426.794630 111.937505 6 17.224629
23 t 427.590938 112.119131 6 7.964185
23 t 427.887587 112.105968 6 11.756092
23 t 427.669815 110.418854 6 16.578340
23 t 427.965282 111.462686 6 9.232518
23 t 426.979765 110.090247 6 13.438211
23 t 285.337344 401.338459 6 11.497331
23 t 287.935847 406.230590 6 4.796913
23 t 283.213521 404.643503 6 12.530174
23 t 286.824236 401.872126 6 11.633262
23 t 283.950864 405.407221 6 12.822347
23 t 287.525585 399.992328 6 10.364605
23 t 284.208590 399.802004 6 18.205508
23 t 284.289800 401.598956 6 9.987398
23 t 283.882302 400.494261 6 9.260005
23 t 282.103686 403.538837 6 14.732396
23 t 287.942071 403.483137 6 6.815803
23 t 285.043844 406.358856 6 17.114552
23 t 281.909003 405.976358 6 14.081877
23 t 284.114032 401.288516 6 2.476065
23 t 281.126684 403.951343 6 11.964568
23 t 282.068307 401.293860 6 16.944301
23 t 281.437712 403.639859 6 7.903160
23 t 284.330402 404.650509 6 6.938194
23 t 285.135297 404.334326 6 4.365211
23 t 283.550334 403.793761 6 9.981209
23 t 285.818192 403.961197 6 10.937316
23 t 285.493576 401.922008 6 12.632171
23 t 283.550434 402.261675 6 7.681185
23 t 284.583160 401.979921 6 4.657063
23 t 285.912066 403.790296 6 14.810012
23 t 488.551653 275.494318 6 11.593732
23 t 484.580276 275.758486 6 8.747732
23 t 489.948807 269.861057 6 6.932111
23 t 487.154239 270.104327 6 12.006436
23 t 485.328253 271.887493 6 12.861509
23 t 486.144441 273.050095 6 12.533123
23 t 489.252760 273.064916 6 7.936582
23 t 484.566655 272.708662 6 8.743231
23 t 488.092171 274.836593 6 2.058952
23 t 490.706660 271.561988 6 14.487062
23 t 486.171395 275.416458 6 6.412870
23 t 485.236283 274.391930 6 7.958128
23 t 486.693425 270.436377 6 8.901548
23 t 485.598051 275.402679 6 14.982846
23 t 490.778684 269.049367 6 7.999070
23 t 486.098877 270.232081 6 14.354713
23 t 487.990344 270.661147 6 7.576577
23 t 488.692804 272.596498 6 7.338908
23 t 488.809273 271.373529 6 17.364312
23 t 489.265489 273.481113 6 3.821728
23 t 488.744102 272.787361 6 8.231783
23 t 487.689129 272.637671 6 10.112481
23 t 489.209896 272.115038 6 10.572288
23 t 486.458616 273.196733 6 16.975945
23 t 487.178981 271.931530 6 6.812861
24 w 41.759817 440.057323 10.000000 1 6 0.515417
24 w 211.181922 18.199428 10.000000 1 6 0.464742
24 w 156.181464 27.698122 10.000000 1 6 0.524631
24 t 38.565190 443.130041 6 15.137849
24 t 41.708430 440.056355 6 11.425184
24 t 43.731334 437.756171 6 9.133020
24 t 45.390158 442.798120 6 16.185986
24 t 45.174583 439.331084 6 10.738854
24 t 44.498041 437.709152 6 4.714352
24 t 43.700478 436.443564 6 14.327949
24 t 45.273093 440.805798 6 10.972324
24 t 41.608418 437.705991 6 19.582781
24 t 38.274262 438.840364 6 9.873882
24 t 40.435459 438.059132 6 11.568943
24 t 38.047067 438.359833 6 7.886069
24 t 39.030342 438.353061 6 10.469154
24 t 38.281672 443.486500 6 7.030728
24 t 44.201472 441.297830 6 10.174122
24 t 38.243829 440.448110 6 7.229470
24 t 40.800516 440.470812 6 7.361426
24 t 40.785581 440.513690 6 7.867857
24 t 41.658900 439.503098 6 11.503273
24 t 41.247601 438.708918 6 9.087344
24 t 42.144379 440.067180 6 12.906216
24 t 43.249852 438.976292 6 9.658440
24 t 41.280782 440.549274 6 12.109793
24 t 43.253240 440.155537 6 2.940235
24 t 42.059345 438.749724 6 15.742880
24 t 209.165402 18.558854 6 7.091426
24 t 214.647235 15.412982 6 6.598195
24 t 212.891019 18.451705 6 11.380461
24 t 214.320178 17.618725 6 5.589607
24 t 208.781554 15.203811 6 11.894311
24 t 208.817483 18.574603 6 14.362757
24 t 214.119474 18.422117 6 13.645685
24 t 208.913333 17.043552 6 2.593179
24 t 211.627518 19.371289 6 4.920814
24 t 207.547725 19.219664 6 15.352120
24 t 207.916078 17.353304 6 12.158340
24 t 213.444588 20.309878 6 13.436990
24 t 209.292162 16.720164 6 6.189039
24 t 207.877372 17.366009 6 9.214274
24 t 208.983306 18.949120 6 9.550078
24 t 210.759527 18.268985 6 11.245384
24 t 208.927037 20.232042 6 6.714295
24 t 209.774314 17.599828 6 10.901871
24 t 209.938628 19.665548 6 7.173949
24 t 209.826079 17.899512 6 9.926883
24 t 211.446703 19.497023 6 13.125997
24 t 211.653871 19.667238 6 7.475435
24 t 210.531668 19.561414 6 8.591882
24 t 210.835008 17.293833 6 15.580154
24 t 210.414732 16.991060 6 3.292129
24 t 159.645379 25.329673 6 12.650818
24 t 155.283714 25.896402 6 12.591940
24 t 158.944012 25.601686 6 12.620052
24 t 157.795059 29.746203 6 8.594994
24 t 155.102586 25.324426 6 7.840502
24 t 153.906683 30.935292 6 18.919791
24 t 156.919367 26.653564 6 5.933650
24 t 158.712712 24.163097 6 3.348390
24 t 158.813694 27.884882 6 3.401986
24 t 158.014150 31.333303 6 12.823250
24 t 155.204452 25.821067 6 8.090435
24 t 159.279288 28.903318 6 9.807078
24 t 153.114516 28.164714 6 8.012637
24 t 156.800504 28.973914 6 10.151664
24 t 159.274481 27.338658 6 9.144968
24 t 155.939280 26.078779 6 8.343922
24 t 155.112409 27.122236 6 10.851951
24 t 155.169470 28.304676 6 10.967265
24 t 155.292448 26.261684 6 11.289563
24 t 155.891293 26.337130 6 15.421568
24 t 156.212299 26.861897 6 14.316026
24 t 155.544940 27.123929 6 4.142223
24 t 156.877364 27.182869 6 9.178220
24 t 155.731699 26.735419 6 10.239533
24 t 157.109068 27.469754 6 10.211615
25 w 13.265348 57.085366 10.000000 1 6 0.527886
25 t 15.662388 60.350301 6 10.140104
25 t 13.009395 58.083012 6 15.458870
25 t 15.448086 54.070465 6 9.018693
25 t 10.079498 55.800064 6 17.383160
25 t 15.173784 57.103226 6 6.595956
25 t 16.255320 53.990324 6 13.773989
25 t 10.821694 60.286908 6 10.014234
25 t 13.816981 56.759176 6 8.080829
25 t 11.891736 58.094373 6 12.826126
25 t 15.188574 56.053465 6 13.277859
25 t 11.574053 54.947537 6 16.646383
25 t 16.063580 60.279825 6 9.573422
25 t 11.650423 57.481503 6 13.941763
25 t 10.966805 57.992841 6 13.667914
25 t 13.442186 56.285136 6 16.267138
25 t 15.431890 54.809663 6 11.824650
25 t 10.844218 60.589618 6 15.564615
25 t 12.241957 55.834268 6 12.649865
25 t 11.844481 57.043388 6 11.804638
25 t 13.469281 58.560166 6 4.156907
25 t 14.144189 57.631775 6 11.798902
25 t 13.155436 56.674147 6 13.399481
25 t 14.253963 56.424672 6 4.304376
25 t 14.144365 58.123100 6 7.992659
25 t 13.517191 58.575054 6 10.970076
26 w 288.607172 320.976643 10.000000 1 6 0.496900
26 w 440.955695 212.847726 10.000000 1 6 0.459817
26 w 43.312779 206.483076 10.000000 1 6 0.528294
26 w 189.984848 3.438888 10.000000 1 6 0.510305
26 w 320.006715 115.888900 10.000000 1 6 0.479171
26 t 290.887392 323.173602 6 12.462158
26 t 286.351416 323.529186 6 8.408164
26 t 291.386783 323.791220 6 12.371584
26 t 290.685842 319.547573 6 16.523479
26 t 286.687735 322.190910 6 10.427312
26 t 290.427903 322.757837 6 7.245547
26 t 291.355613 321.783059 6 7.639357
26 t 286.845962 323.143091 6 20.613432
26 t 288.907043 318.010112 6 10.033487
26 t 285.644473 320.343778 6 15.000975
26 t 285.531253 318.287513 6 4.657313
26 t 291.943899 322.721733 6 6.907574
26 t 286.883386 320.603245 6 2.578455
26 t 290.015881 320.481514 6 10.089524
26 t 290.507276 320.392286 6 7.752162
26 t 290.630808 323.737600 6 7.942871
26 t 289.669170 322.942499 6 7.897696
26 t 287.121181 322.049955 6 7.901105
26 t 287.404080 321.134083 6 10.338932
26 t 288.896859 321.002561 6 10.732201
26 t 288.080148 321.545497 6 8.094995
26 t 289.877617 322.133370 6 15.832519
26 t 288.278234 319.680172 6 10.881364
26 t 289.702116 322.213610 6 8.075527
26 t 289.882265 321.122798 6 11.999864
26 t 441.994518 210.221965 6 8.729600
26 t 437.426069 209.384752 6 16.822151
26 t 437.238722 215.234811 6 9.983593
26 t 442.361155 213.552434 6 7.086176
26 t 437.223497 214.113849 6 14.566366
26 t 437.658116 212.633746 6 4.896248
26 t 439.488327 212.867787 6 13.600807
26 t 439.342369 209.778391 6 10.253860
26 t 443.169256 214.442372 6 13.057625
26 t 439.292807 212.545101 6 7.385894
26 t 439.631599 215.647339 6 8.604248
26 t 443.145484 214.967515 6 11.450435
26 t 443.842751 216.004457 6 4.930617
26 t 439.116010 211.854105 6 10.978799
26 t 437.692459 209.509978 6 11.867441
26 t 439.128900 210.735769 6 11.902721
26 t 439.421076 210.541996 6 10.384960
26 t 441.973229 211.471002 6 10.299973
26 t 440.636066 212.817526 6 7.553958
26 t 440.210621 212.692891 6 10.287838
26 t 440.973111 212.948293 6 2.021133
26 t 439.918717 212.285467 6 10.776706
26 t 440.833232 211.705447 6 16.623975
26 t 440.356905 214.283762 6 8.067654
26 t 439.690011 211.986889 6 10.191490
26 t 46.821050 207.511166 6 8.062647
26 t 40.285034 205.974298 6 15.071482
26 t 42.615494 206.234667 6 17.563199
26 t 41.879251 209.825247 6 10.170919
26 t 40.827913 210.089387 6 14.647255
26 t 43.078438 204.393949 6 4.861723
26 t 46.268605 208.530076 6 10.905700
26 t 43.213350 208.260034 6 7.103731
26 t 43.272681 209.069228 6 5.714006
26 t 45.759382 206.358183 6 8.072759
26 t 45.327171 208.267187 6 10.137273
26 t 43.598106 203.919742 6 10.254960
26 t 43.741913 205.911421 6 11.002994
26 t 43.204526 210.051709 6 19.429317
26 t 44.933173 205.770426 6 3.356921
26 t 44.821264 204.712217 6 15.216795
26 t 42.034779 204.672183 6 19.361294
26 t 43.224566 206.507101 6 7.977112
26 t 42.672460 205.174754 6 7.220600
26 t 43.158835 205.144048 6 11.423643
26 t 44.053561 207.616456 6 13.003834
26 t 41.892564 206.475694 6 16.425380
26 t 42.343808 206.672576 6 14.217698
26 t 42.489561 207.384437 6 12.812540
26 t 43.066975 205.308882 6 8.955814
26 t 187.820513 5.953301 6 15.995266
26 t 187.785746 5.425674 6 6.122105
26 t 186.249344 2.737019 6 5.949656
26 t 193.149200 1.910790 6 5.338282
26 t 186.703768 1.254974 6 13.638329
26 t 189.962049 5.920705 6 6.172357
26 t 188.425600 3.632621 6 10.152426
26 t 192.537871 5.895106 6 5.111453
26 t 189.228190 4.842701 6 9.175962
26 t 189.755284 5.261063 6 15.749032
26 t 188.986188 2.992955 6 6.320499
26 t 192.332225 3.780631 6 11.236154
26 t 188.291989 5.232047 6 7.570697
26 t 189.929644 3.284581 6 12.347485
26 t 189.324233 3.946363 6 1.408858
26 t 187.319210 3.016791 6 14.846451
26 t 192.713658 3.217228 6 14.490125
26 t 188.765756 3.745719 6 3.563386
26 t 189.633442 3.377391 6 9.090224
26 t 190.091582 4.528204 6 13.035323
26 t 190.441626 4.117544 6 12.446322
26 t 190.942488 3.539133 6 12.666347
26 t 189.715663 4.130067 6 12.849308
26 t 190.211826 4.309032 6 5.939734
26 t 189.691647 2.298154 6 6.677483
26 t 316.987595 115.367916 6 10.140113
26 t 319.527916 115.998056 6 9.802127
26 t 317.028286 113.489220 6 9.628671
26 t 317.104864 116.125833 6 13.738213
26 t 322.339154 118.477315 6 10.549403
26 t 317.753453 116.195047 6 6.108831
26 t 317.726894 113.989794 6 12.269859
26 t 318.231934 116.831464 6 12.861627
26 t 318.298507 114.531569 6 1.000000
26 t 320.529407 115.943924 6 12.052635
26 t 319.388830 118.208625 6 8.992640
26 t 319.768209 114.124585 6 8.504188
26 t 320.006806 114.480989 6 7.740062
26 t 323.493909 113.428984 6 11.670957
26 t 318.903961 118.412586 6 8.608593
26 t 320.916582 114.702165 6 14.838107
26 t 322.101021 112.688768 6 13.681897
26 t 319.598897 116.721610 6 11.609070
26 t 321.092846 116.011501 6 11.343032
26 t 318.831294 114.520560 6 15.067090
26 t 321.293961 114.779409 6 13.878333
26 t 321.318745 115.344478 6 15.680262
26 t 319.384271 116.308887 6 10.012034
26 t 320.772001 116.665595 6 15.283593
26 t 320.567063 115.081589 6 10.315630
27 w 34.610300 165.541181 10.000000 1 6 0.545407
27 w 179.641622 318.838273 10.000000 1 6 0.519481
27 w 269.864801 106.924438 10.000000 1 6 0.492280
27 t 35.012336 168.470837 6 8.403370
27 t 32.562992 167.102844 6 10.963211
27 t 32.328866 162.858573 6 11.098104
27 t 31.822611 169.168194 6 9.715800
27 t 36.536555 163.867839 6 8.980339
27 t 34.493461 169.243708 6 7.192075
27 t 34.435923 162.627643 6 14.390604
27 t 36.548287 163.868095 6 8.416807
27 t 36.403600 169.153615 6 7.752182
27 t 36.124699 165.552488 6 11.749900
27 t 37.293635 166.615368 6 11.763107
27 t 37.603307 164.121128 6 11.225121
27 t 34.593525 168.734051 6 9.841675
27 t 33.565653 164.581484 6 13.558634
27 t 30.897288 167.126631 6 10.901546
27 t 31.319370 165.002195 6 14.236271
27 t 30.972594 166.826758 6 5.174105
27 t 36.092133 166.596985 6 1.586416
27 t 34.127592 165.875475 6 12.457927
27 t 35.885527 165.563792 6 8.141003
27 t 34.389740 166.635815 6 14.390103
27 t 34.575888 166.855025 6 17.612316
27 t 34.772987 165.516874 6 6.537533
27 t 34.564176 166.228728 6 10.921023
27 t 33.864205 166.540138 6 15.086235
27 t 177.749581 315.564516 6 5.441983
27 t 182.574968 315.723815 6 7.269292
27 t 179.601098 318.548667 6 11.928507
27 t 182.370380 321.125172 6 10.715150
27 t 182.905571 316.116333 6 8.563739
27 t 178.512480 319.919997 6 11.868980
27 t 176.826867 317.050682 6 8.590278
27 t 176.601602 320.236782 6 12.041414
27 t 181.424303 317.528053 6 7.689044
27 t 176.339452 320.941833 6 13.505747
27 t 181.859005 319.887895 6 12.794353
27 t 180.510594 321.970404 6 6.476945
27 t 182.709178 321.245339 6 10.589512
27 t 180.245286 316.867417 6 20.598062
27 t 176.165932 317.093447 6 15.196328
27 t 182.880270 322.278592 6 5.428878
27 t 182.161749 316.217407 6 11.655581
27 t 179.183714 319.972607 6 18.160598
27 t 180.321046 319.409711 6 7.713424
27 t 179.712985 320.281010 6 12.203096
27 t 178.223663 318.790702 6 7.678089
27 t 180.460215 318.492281 6 14.074966
27 t 181.039139 318.409576 6 7.592474
27 t 179.672282 317.828393 6 10.507672
27 t 180.127808 320.245841 6 11.523728
27 t 270.874630 109.738329 6 15.012320
27 t 273.471467 108.684137 6 1.522118
27 t 268.925118 110.040516 6 11.596815
27 t 270.249341 105.935023 6 7.365965
27 t 267.753821 104.407362 6 10.084962
27 t 269.957989 108.066206 6 10.960651
27 t 267.034996 108.851695 6 8.789314
27 t 270.386509 105.976678 6 7.233006
27 t 271.838050 104.475294 6 12.161339
27 t 272.290440 107.323977 6 9.533584
27 t 270.304968 106.957627 6 6.320307
27 t 270.656122 104.992934 6 8.410629
27 t 268.554635 109.847055 6 5.664059
27 t 268.548013 107.420356 6 11.190354
27 t 269.001210 110.575963 6 6.787143
27 t 269.988867 107.597681 6 9.606232
27 t 273.335909 103.394479 6 6.016376
27 t 269.998375 106.888122 6 1.000000
27 t 269.541441 108.298926 6 11.000369
27 t 268.422632 107.395324 6 5.485660
27 t 270.425402 107.742465 6 6.642981
27 t 270.827570 106.640150 6 10.916819
27 t 268.491281 107.241325 6 9.791060
27 t 269.775217 107.019358 6 12.933890
27 t 269.417562 106.757411 6 17.389976
