500 1000 100 1500
1 w 254.208462 386.058383 10.000000 1 6 0.486477
1 w 56.696148 129.468833 10.000000 1 6 0.409812
1 t 255.954863 388.654220 6 11.006357
1 t 255.315788 386.479381 6 11.006357
1 t 58.834985 130.783044 6 9.788793
1 t 57.369057 130.657646 6 10.334269
2 w 226.237150 459.182043 10.000000 1 6 0.436341
2 w 280.039595 4.385372 10.000000 1 6 0.470966
2 w 218.967287 93.691883 10.000000 1 6 0.544194
2 t 228.197457 461.322881 6 17.271413
2 t 226.079995 460.330515 6 12.559236
2 t 283.166517 7.442324 6 9.664333
2 t 281.274629 4.699048 6 8.724278
2 t 219.673260 94.823626 6 10.647807
2 t 219.979494 94.380716 6 8.855781
3 w 398.396414 128.810243 10.000000 1 6 0.510715
3 w 79.388738 383.472429 10.000000 1 6 0.521276
3 w 211.109277 433.864628 10.000000 1 6 0.531030
3 w 434.859688 244.787293 10.000000 1 6 0.569810
3 w 275.279260 104.654872 10.000000 1 6 0.491676
3 w 93.698339 232.413699 10.000000 1 6 0.525997
3 t 400.830856 127.192579 6 14.525558
3 t 398.039453 128.594735 6 10.324739
3 t 83.108916 382.020591 6 6.095208
3 t 78.742106 384.316010 6 10.717778
3 t 207.748242 435.424670 6 8.821017
3 t 211.376548 432.671050 6 9.664333
3 t 431.964040 241.040442 6 13.232426
3 t 436.110928 243.608809 6 3.755303
3 t 274.178548 101.956601 6 10.063032
3 t 275.656236 105.482719 6 4.683488
3 t 93.135308 234.340448 6 8.490048
3 t 93.759396 231.065611 6 6.686833
4 w 137.256117 68.771247 10.000000 1 6 0.528455
4 w 362.134791 255.530738 10.000000 1 6 0.516500
4 w 99.468549 414.859572 10.000000 1 6 0.495196
4 w 194.525206 144.389179 10.000000 1 6 0.594693
4 w 228.809498 188.135408 10.000000 1 6 0.406795
4 w 251.300160 103.722534 10.000000 1 6 0.516164
4 t 139.660955 68.983719 6 6.053057
4 t 137.055648 67.965987 6 9.978614
4 t 364.830260 259.209738 6 10.224132
4 t 361.319702 256.558839 6 11.470141
4 t 103.208847 414.274232 6 17.322225
4 t 100.218853 413.620053 6 10.616555
4 t 197.866106 145.108718 6 15.645738
4 t 194.364743 144.332564 6 6.095208
4 t 228.044914 185.058042 6 6.095041
4 t 228.838159 187.382451 6 9.890722
4 t 252.266271 102.024935 6 13.194144
4 t 251.008867 103.099839 6 10.035951
5 w 379.476317 180.982096 10.000000 1 6 0.533266
5 w 483.598529 206.393631 10.000000 1 6 0.462818
5 w 258.780474 410.084012 10.000000 1 6 0.484123
5 w 91.377572 332.941374 10.000000 1 6 0.457678
5 t 376.870454 180.756938 6 12.462155
5 t 380.734533 180.772966 6 15.290650
5 t 482.142992 208.392702 6 5.549777
5 t 483.880422 207.614996 6 14.457356
5 t 258.188433 409.856909 6 9.082108
5 t 258.039864 411.322620 6 7.806590
5 t 88.171507 334.340420 6 12.963589
5 t 92.214301 331.808188 6 8.504010
6 w 344.352855 140.714630 10.000000 1 6 0.525808
6 w 117.559390 454.971557 10.000000 1 6 0.571247
6 w 381.561456 363.635903 10.000000 1 6 0.553977
6 t 343.450100 138.565543 6 7.793289
6 t 344.676464 139.702536 6 10.063032
6 t 115.777075 452.073449 6 6.413877
6 t 116.236048 455.999980 6 10.636378
6 t 380.834822 362.362712 6 12.369967
6 t 381.535509 362.983971 6 7.661710
7 w 424.963438 287.944719 10.000000 1 6 0.456746
7 t 426.872525 284.379613 6 12.777725
7 t 425.223619 287.741291 6 9.597921
8 w 367.330655 294.532829 10.000000 1 6 0.468550
8 w 97.783704 350.223494 10.000000 1 6 0.552905
8 w 210.970025 152.409230 10.000000 1 6 0.431032
8 w 299.421245 410.330755 10.000000 1 6 0.463641
8 w 62.463683 439.305422 10.000000 1 6 0.508793
8 w 292.184110 314.355947 10.000000 1 6 0.550844
8 w 28.704765 85.989379 10.000000 1 6 0.552867
8 t 367.148742 294.058537 6 15.933595
8 t 367.480497 293.752518 6 11.182386
8 t 99.980345 352.963197 6 11.496268
8 t 99.007730 351.525695 6 11.002165
8 t 214.010181 150.978016 6 11.640623
8 t 210.177246 151.734187 6 6.591712
8 t 298.296037 410.229008 6 5.857797
8 t 299.182355 411.280867 6 10.224132
8 t 59.643957 438.834127 6 11.509546
8 t 62.172587 440.709467 6 1.983180
8 t 295.536919 316.732490 6 6.636543
8 t 291.001668 315.714582 6 5.895230
8 t 27.094693 85.058753 6 10.328818
8 t 28.571954 85.382107 6 6.298457
9 w 316.996539 21.560045 10.000000 1 6 0.501391
9 t 318.930845 19.806827 6 13.916793
9 t 316.696941 22.837807 6 5.587483
10 w 72.388632 284.550502 10.000000 1 6 0.512337
10 w 192.315099 43.713895 10.000000 1 6 0.453486
10 w 428.132271 221.006375 10.000000 1 6 0.423492
10 w 292.965489 202.731761 10.000000 1 6 0.573207
10 w 253.676652 168.812361 10.000000 1 6 0.479048
10 w 132.251753 169.827555 10.000000 1 6 0.461084
10 t 75.929405 281.634044 6 9.136279
10 t 72.008246 284.220888 6 1.488964
10 t 191.361003 41.684842 6 10.479142
10 t 190.852516 44.861207 6 10.960630
10 t 429.022449 223.612604 6 6.472358
10 t 427.380835 222.184189 6 6.095041
10 t 292.898681 200.984696 6 11.353981
10 t 293.642821 204.205727 6 13.555060
10 t 256.775091 166.440349 6 7.681185
10 t 254.145193 169.594402 6 7.938160
10 t 135.451654 166.107168 6 7.600220
10 t 132.403838 170.410102 6 9.111572
11 w 172.931702 225.447497 10.000000 1 6 0.516614
11 w 499.993650 394.104405 10.000000 1 6 0.508539
11 w 474.393397 189.282675 10.000000 1 6 0.451168
11 w 497.998525 122.619125 10.000000 1 6 0.564327
11 w 208.436827 111.000512 10.000000 1 6 0.530920
11 t 175.300015 225.467958 6 12.649865
11 t 172.944913 226.674761 6 11.253429
11 t 498.756642 392.462232 6 16.623975
11 t 499.586879 392.827220 6 1.780263
11 t 474.455942 191.107635 6 7.759304
11 t 472.943933 190.465021 6 7.652783
11 t 498.524460 119.184924 6 18.160598
11 t 499.166971 123.765375 6 5.549777
11 t 206.639270 110.626838 6 15.424064
11 t 207.538795 109.558905 6 6.403797
12 w 128.779574 213.413408 10.000000 1 6 0.498215
12 w 48.389943 468.878924 10.000000 1 6 0.518085
12 w 223.396607 327.413442 10.000000 1 6 0.487489
12 w 262.996514 164.397569 10.000000 1 6 0.554170
12 w 89.494132 365.911100 10.000000 1 6 0.457744
12 t 130.979647 213.242180 6 7.918806
12 t 127.666701 213.286130 6 4.827459
12 t 47.075093 468.172771 6 8.742246
12 t 48.461305 469.830049 6 10.862060
12 t 220.706264 329.863015 6 5.014777
12 t 222.159214 328.265027 6 3.760566
12 t 266.079516 163.239417 6 17.965315
12 t 261.512663 162.933578 6 14.425994
12 t 88.284725 365.526870 6 3.800758
12 t 89.230150 366.774977 6 12.496078
13 w 134.030957 80.783932 10.000000 1 6 0.479361
13 t 134.888902 81.713899 6 17.137555
13 t 132.591866 79.878805 6 7.793289
14 w 71.413858 51.762930 10.000000 1 6 0.503663
14 w 113.974043 21.190500 10.000000 1 6 0.390950
14 w 232.364515 155.307309 10.000000 1 6 0.561362
14 w 286.225230 391.161357 10.000000 1 6 0.399020
14 t 69.350886 52.622238 6 9.582126
14 t 70.159317 50.622284 6 20.326825
14 t 112.167923 24.044455 6 10.750855
14 t 113.782633 22.333377 6 9.622836
14 t 232.830158 152.882189 6 7.784153
14 t 231.075064 154.535956 6 9.226690
14 t 288.894700 394.473941 6 10.262919
14 t 285.197303 390.413071 6 8.354746
15 w 5.371992 303.165474 10.000000 1 6 0.432207
15 w 51.697331 260.244601 10.000000 1 6 0.558500
15 w 7.483944 413.348030 10.000000 1 6 0.446204
15 w 374.881272 124.877126 10.000000 1 6 0.491492
15 t 6.869116 304.128676 6 3.775926
15 t 3.995722 302.274844 6 7.232149
15 t 53.074156 263.126738 6 17.899312
15 t 52.464554 261.440203 6 5.727678
15 t 6.428294 416.189013 6 9.053798
15 t 8.552846 412.300531 6 12.777725
15 t 372.187407 125.487158 6 11.557577
15 t 376.239708 126.368988 6 7.428515
16 w 86.770551 496.808921 10.000000 1 6 0.391153
16 w 280.288503 198.691039 10.000000 1 6 0.517711
16 w 489.084645 120.681205 10.000000 1 6 0.561310
16 w 80.648487 174.944157 10.000000 1 6 0.494493
16 t 89.049079 499.293326 6 10.338013
16 t 88.106280 495.439019 6 7.382641
16 t 281.889165 198.562993 6 14.153629
16 t 280.513105 199.979891 6 8.852082
16 t 487.833026 120.453329 6 9.684370
16 t 489.966858 119.708216 6 10.181485
16 t 81.582374 175.094399 6 5.243172
16 t 79.352820 174.017567 6 3.262686
17 w 16.214980 128.136963 10.000000 1 6 0.620513
17 w 13.434410 103.448193 10.000000 1 6 0.446073
17 w 374.960029 325.083711 10.000000 1 6 0.443037
17 w 133.403244 335.901358 10.000000 1 6 0.559766
17 t 12.490190 129.790094 6 7.609847
17 t 15.417798 126.669796 6 16.547516
17 t 13.586844 101.457624 6 12.773839
17 t 13.328170 102.649398 6 11.640623
17 t 376.410772 324.564324 6 7.635291
17 t 376.280568 326.579632 6 16.219399
17 t 132.929275 336.924227 6 10.773978
17 t 133.590085 336.200415 6 8.671300
18 w 395.759161 389.284349 10.000000 1 6 0.469546
18 t 396.248391 389.286893 6 11.114953
18 t 396.134587 390.643687 6 14.707045
19 w 498.943104 144.796216 10.000000 1 6 0.478499
19 w 125.055789 440.807830 10.000000 1 6 0.455307
19 w 93.226437 31.997987 10.000000 1 6 0.601942
19 w 487.921311 397.919068 10.000000 1 6 0.514005
19 t 495.687473 144.170966 6 9.358064
19 t 499.536833 145.844400 6 11.280393
19 t 124.591288 442.349111 6 10.741129
19 t 125.320108 440.648517 6 12.796567
19 t 93.475835 34.304130 6 14.186451
19 t 94.599146 31.707559 6 10.571567
19 t 488.699798 400.952325 6 16.180218
19 t 487.645324 397.260926 6 6.636543
20 w 217.488408 499.935008 10.000000 1 6 0.540551
20 w 74.604527 168.472534 10.000000 1 6 0.439424
20 w 49.670577 318.297439 10.000000 1 6 0.564249
20 w 170.480873 475.665704 10.000000 1 6 0.543330
20 t 214.230511 496.916268 6 9.464670
20 t 216.564176 499.047443 6 17.635475
20 t 75.719341 166.889523 6 12.705840
20 t 73.740855 168.670159 6 7.900678
20 t 51.082444 315.105145 6 13.959105
20 t 50.581332 317.155104 6 10.380428
20 t 169.330145 475.728793 6 4.829884
20 t 171.847731 476.567757 6 13.083877
21 w 351.910678 262.339954 10.000000 1 6 0.571242
21 w 94.676333 141.509143 10.000000 1 6 0.418471
21 w 19.816781 466.193098 10.000000 1 6 0.506683
21 w 18.736607 39.614398 10.000000 1 6 0.478255
21 t 352.407842 263.467458 6 15.331086
21 t 350.986665 261.396815 6 10.945172
21 t 93.925683 138.184517 6 12.761394
21 t 95.094417 140.086021 6 13.161437
21 t 20.446447 469.299383 6 9.643497
21 t 19.868174 465.915938 6 9.136279
21 t 15.008458 39.987232 6 11.853803
21 t 19.012072 39.427269 6 15.784145
22 w 23.332918 332.750437 10.000000 1 6 0.476211
22 w 18.458941 418.543925 10.000000 1 6 0.518338
22 w 234.025990 57.610715 10.000000 1 6 0.528089
22 w 294.438153 300.769224 10.000000 1 6 0.419795
22 w 444.030179 87.025654 10.000000 1 6 0.463706
22 w 116.947251 9.080523 10.000000 1 6 0.428113
22 t 24.434172 333.505958 6 12.140526
22 t 22.939251 332.067680 6 14.183612
22 t 20.430689 418.211687 6 7.263972
22 t 19.370531 418.604645 6 7.847097
22 t 234.064709 56.151115 6 9.047979
22 t 234.660408 58.676248 6 9.657670
22 t 297.675782 299.343585 6 15.852962
22 t 293.369025 300.096690 6 14.778758
22 t 443.652373 89.207915 6 13.044095
22 t 442.920291 86.043294 6 10.342399
22 t 117.637558 8.132899 6 4.894122
22 t 116.309266 8.584640 6 11.353981
23 w 427.938231 111.586470 10.000000 1 6 0.372288
23 w 284.657681 403.226530 10.000000 1 6 0.539543
23 w 487.944144 272.190840 10.000000 1 6 0.385855
23 t 429.218457 114.655211 6 12.141975
23 t 428.723293 110.193042 6 12.425692
23 t 285.337344 401.338459 6 11.497331
23 t 284.330402 404.650509 6 6.938194
23 t 488.551653 275.494318 6 11.593732
23 t 488.692804 272.596498 6 7.338908
24 w 41.759817 440.057323 10.000000 1 6 0.515417
24 w 211.181922 18.199428 10.000000 1 6 0.464742
24 w 156.181464 27.698122 10.000000 1 6 0.524631
24 t 38.565190 443.130041 6 15.137849
24 t 40.785581 440.513690 6 7.867857
24 t 209.165402 18.558854 6 7.091426
24 t 209.774314 17.599828 6 10.901871
24 t 159.645379 25.329673 6 12.650818
24 t 155.169470 28.304676 6 10.967265
25 w 13.265348 57.085366 10.000000 1 6 0.527886
25 t 15.662388 60.350301 6 10.140104
25 t 12.241957 55.834268 6 12.649865
26 w 288.607172 320.976643 10.000000 1 6 0.496900
26 w 440.955695 212.847726 10.000000 1 6 0.459817
26 w 43.312779 206.483076 10.000000 1 6 0.528294
26 w 189.984848 3.438888 10.000000 1 6 0.510305
26 w 320.006715 115.888900 10.000000 1 6 0.479171
26 t 290.887392 323.173602 6 12.462158
26 t 287.121181 322.049955 6 7.901105
26 t 441.994518 210.221965 6 8.729600
26 t 441.973229 211.471002 6 10.299973
26 t 46.821050 207.511166 6 8.062647
26 t 43.224566 206.507101 6 7.977112
26 t 187.820513 5.953301 6 15.995266
26 t 188.765756 3.745719 6 3.563386
26 t 316.987595 115.367916 6 10.140113
26 t 319.598897 116.721610 6 11.609070
27 w 34.610300 165.541181 10.000000 1 6 0.545407
27 w 179.641622 318.838273 10.000000 1 6 0.519481
27 w 269.864801 106.924438 10.000000 1 6 0.492280
27 w 72.731578 174.567314 10.000000 1 6 0.463438
27 w 128.878870 300.486962 10.000000 1 6 0.475372
27 t 35.012336 168.470837 6 8.403370
27 t 36.092133 166.596985 6 1.586416
27 t 177.749581 315.564516 6 5.441983
27 t 179.183714 319.972607 6 18.160598
27 t 270.874630 109.738329 6 15.012320
27 t 269.998375 106.888122 6 1.000000
27 t 73.277379 172.049296 6 15.516323
27 t 73.558287 174.129793 6 6.473395
27 t 131.469143 300.948885 6 11.737392
27 t 127.512121 299.942039 6 7.350432
28 w 247.564261 383.122403 10.000000 1 6 0.519615
28 w 205.094707 287.712442 10.000000 1 6 0.520039
28 w 408.510976 266.024136 10.000000 1 6 0.478390
28 t 244.833369 386.302457 6 5.196062
28 t 246.317691 382.339983 6 9.203299
28 t 203.524703 291.265400 6 13.096571
28 t 205.930536 287.140435 6 12.253431
28 t 410.968290 266.843942 6 6.693099
28 t 409.046010 267.100256 6 12.032074
29 w 14.124875 369.737174 10.000000 1 6 0.511840
29 w 155.275043 69.763205 10.000000 1 6 0.532859
29 w 54.327235 446.573501 10.000000 1 6 0.552477
29 t 12.967334 368.504979 6 9.697509
29 t 13.768898 370.268951 6 8.742246
29 t 158.106403 67.109332 6 12.972244
29 t 154.465491 69.981373 6 10.251164
29 t 56.394385 450.002531 6 16.268490
29 t 53.065084 447.809574 6 12.470040
30 w 293.536832 196.264776 10.000000 1 6 0.554330
30 w 230.420320 139.430848 10.000000 1 6 0.465594
30 w 9.651215 435.484341 10.000000 1 6 0.494542
30 w 416.564306 5.589592 10.000000 1 6 0.438742
30 w 145.648767 72.000433 10.000000 1 6 0.584209
30 w 25.115820 108.661896 10.000000 1 6 0.515819
30 w 432.835788 232.013953 10.000000 1 6 0.555615
30 w 445.606087 461.404677 10.000000 1 6 0.418841
30 t 296.342552 199.226164 6 9.311838
30 t 293.036761 194.768946 6 2.805594
30 t 231.057072 141.361599 6 15.150547
30 t 231.776678 138.401791 6 12.359118
30 t 8.016539 433.847610 6 14.544372
30 t 8.691472 434.014140 6 5.676733
30 t 419.852922 4.307980 6 14.268015
30 t 415.516074 5.811582 6 16.728280
30 t 146.710541 69.226209 6 16.101071
30 t 145.915845 71.832172 6 3.800758
30 t 24.422496 105.226484 6 8.413265
30 t 24.549837 108.194296 6 7.644683
30 t 430.860751 233.779275 6 9.421929
30 t 433.910557 232.476916 6 7.409745
30 t 445.684307 464.815134 6 8.331302
30 t 445.061814 460.584372 6 7.426134
31 w 344.692359 24.388838 10.000000 1 6 0.448232
31 w 434.180362 364.705370 10.000000 1 6 0.474804
31 w 97.409796 166.660831 10.000000 1 6 0.559913
31 t 344.401902 22.728874 6 11.708849
31 t 345.798035 23.909768 6 13.704611
31 t 436.927078 366.131688 6 2.829087
31 t 434.815605 363.637870 6 10.171451
31 t 99.744857 170.379845 6 9.157371
31 t 96.988954 166.360056 6 13.240098
32 w 285.003682 405.639421 10.000000 1 6 0.379407
32 w 138.336761 189.495786 10.000000 1 6 0.478162
32 w 278.260263 318.124322 10.000000 1 6 0.475839
32 w 112.411943 363.737624 10.000000 1 6 0.479873
32 t 285.090093 407.337797 6 9.426084
32 t 284.328257 405.555151 6 10.750855
32 t 139.862318 187.418075 6 14.357532
32 t 138.392889 189.609763 6 14.343162
32 t 281.970114 321.611891 6 10.054679
32 t 278.047748 317.165855 6 11.477179
32 t 114.396178 367.101185 6 12.327442
32 t 112.294651 363.350499 6 13.045771
33 w 268.226343 345.968676 10.000000 1 6 0.550490
33 w 240.409247 46.813486 10.000000 1 6 0.569269
33 t 268.428078 347.197130 6 13.036425
33 t 269.601099 345.771721 6 15.375472
33 t 236.908801 48.609229 6 13.465818
33 t 241.661080 46.606017 6 10.441062
34 w 133.309194 100.397643 10.000000 1 6 0.531855
34 w 50.871743 405.845293 10.000000 1 6 0.569288
34 w 260.672906 52.760344 10.000000 1 6 0.490857
34 w 6.056434 359.437533 10.000000 1 6 0.477542
34 t 134.707819 102.651043 6 7.044825
34 t 134.555038 101.557081 6 12.739971
34 t 48.021188 407.525517 6 10.267681
34 t 50.548108 404.948706 6 3.775926
34 t 260.158032 56.100320 6 4.577294
34 t 260.488751 54.174065 6 14.486358
34 t 7.210248 360.036900 6 5.916495
34 t 7.534337 358.867491 6 10.404922
35 w 359.582803 68.578266 10.000000 1 6 0.509762
35 w 398.633957 378.082589 10.000000 1 6 0.576379
35 w 296.176784 153.351923 10.000000 1 6 0.517596
35 w 294.626798 400.352839 10.000000 1 6 0.465676
35 w 266.609622 367.443756 10.000000 1 6 0.495395
35 t 357.098513 70.032859 6 4.351357
35 t 358.182161 67.172234 6 12.094271
35 t 400.319331 377.936091 6 11.113536
35 t 400.027932 378.615701 6 7.358408
35 t 298.764309 151.658607 6 6.603856
35 t 296.568533 152.060052 6 8.494016
35 t 296.379321 397.684960 6 10.189236
35 t 296.086689 401.803439 6 9.325388
35 t 266.527947 370.989357 6 9.863579
35 t 267.950833 367.512648 6 11.557577
36 w 299.734510 402.775308 10.000000 1 6 0.507082
36 w 449.221704 144.315499 10.000000 1 6 0.477648
36 w 20.851323 30.413634 10.000000 1 6 0.514047
36 t 301.193257 400.911008 6 7.745489
36 t 300.139701 402.581985 6 15.846601
36 t 445.894806 141.184395 6 5.511632
36 t 447.992383 145.627966 6 14.129144
36 t 21.614245 28.378955 6 8.101476
36 t 21.562443 31.745671 6 6.738545
37 w 32.562568 263.279230 10.000000 1 6 0.398040
37 w 340.772091 295.716367 10.000000 1 6 0.453850
37 t 35.064559 265.458261 6 12.929875
37 t 32.670852 262.240699 6 7.937624
37 t 338.492800 297.805242 6 6.337012
37 t 339.436502 295.701818 6 11.038961
38 w 102.470641 433.951904 10.000000 1 6 0.534907
38 w 269.084958 188.949967 10.000000 1 6 0.457566
38 w 324.413823 125.063911 10.000000 1 6 0.579779
38 t 100.625074 431.900053 6 6.143289
38 t 101.462605 434.504229 6 8.136716
38 t 271.725465 191.800573 6 12.269059
38 t 268.144583 189.413689 6 9.684370
38 t 328.132122 125.543705 6 8.133681
38 t 324.576296 123.710986 6 14.878841
39 w 91.059438 114.529406 10.000000 1 6 0.506714
39 w 362.652398 474.809585 10.000000 1 6 0.465666
39 w 40.995990 9.337737 10.000000 1 6 0.499075
39 w 352.064691 337.076807 10.000000 1 6 0.496968
39 t 89.379169 113.822781 6 9.496635
39 t 89.785120 114.637668 6 14.484160
39 t 360.458078 474.832285 6 13.877393
39 t 363.243482 473.846686 6 9.058466
39 t 40.773262 12.607737 6 10.342035
39 t 40.123756 9.691592 6 10.399848
39 t 349.210105 336.437106 6 9.042754
39 t 353.046572 335.672002 6 10.598903
40 w 168.245508 196.941371 10.000000 1 6 0.519583
40 t 171.812974 197.422355 6 2.644074
40 t 169.240702 197.873618 6 8.294476
41 w 495.338498 397.231253 10.000000 1 6 0.449546
41 w 30.764921 493.531588 10.000000 1 6 0.525937
41 w 431.791021 103.126600 10.000000 1 6 0.456977
41 t 494.096737 393.870849 6 10.421279
41 t 494.272791 396.214873 6 12.773839
41 t 27.355978 494.527042 6 15.847451
41 t 30.206880 494.546934 6 9.762273
41 t 428.923535 100.076761 6 10.377871
41 t 430.786190 102.641081 6 7.802171
42 w 26.824657 51.221882 10.000000 1 6 0.519860
42 w 390.128044 288.067049 10.000000 1 6 0.464956
42 w 252.721653 399.729178 10.000000 1 6 0.450913
42 t 24.326361 49.271538 6 12.175548
42 t 27.044563 51.003708 6 16.565894
42 t 387.984993 284.434156 6 1.000000
42 t 388.704086 289.284804 6 18.158686
42 t 250.054015 401.599697 6 13.570520
42 t 251.336516 400.991679 6 9.184120
43 w 266.280007 65.852319 10.000000 1 6 0.476165
43 w 287.483103 385.811355 10.000000 1 6 0.472789
43 t 269.554634 67.931838 6 13.978091
43 t 267.530258 66.030294 6 9.830894
43 t 290.886142 383.958638 6 10.390194
43 t 286.289591 384.952276 6 11.114953
44 w 448.252140 123.249595 10.000000 1 6 0.560179
44 w 7.300138 328.102784 10.000000 1 6 0.491938
44 w 97.569940 279.171206 10.000000 1 6 0.521613
44 w 473.552270 183.520069 10.000000 1 6 0.546464
44 w 78.204370 99.767935 10.000000 1 6 0.514127
44 t 445.642213 123.740345 6 11.004576
44 t 449.288515 124.338875 6 13.215873
44 t 7.066371 327.827868 6 9.349988
44 t 6.226442 327.937446 6 10.360073
44 t 94.624795 277.053677 6 8.852259
44 t 97.298188 279.848707 6 11.926692
44 t 473.745602 179.777820 6 11.259227
44 t 473.474859 182.733499 6 4.789811
44 t 75.611805 102.741456 6 5.600365
44 t 79.080683 98.763645 6 12.874282
45 w 261.061549 76.484886 10.000000 1 6 0.461584
45 t 260.054505 74.019936 6 9.067134
45 t 259.566408 77.834774 6 14.613814
46 w 185.331580 486.231379 10.000000 1 6 0.587805
46 w 365.637093 495.922328 10.000000 1 6 0.485771
46 t 183.450938 489.745245 6 13.436993
46 t 184.874050 485.491022 6 14.186451
46 t 364.006357 496.882459 6 8.929674
46 t 366.874363 495.144957 6 15.134378
47 w 367.970667 323.541154 10.000000 1 6 0.540657
47 w 60.381930 55.920566 10.000000 1 6 0.574778
47 t 367.432986 323.340947 6 13.156897
47 t 369.200100 322.711221 6 5.528143
47 t 59.219123 57.311626 6 8.011442
47 t 60.980878 56.648561 6 9.381067
48 w 200.961528 440.500561 10.000000 1 6 0.550143
48 w 208.323061 281.277829 10.000000 1 6 0.396281
48 t 204.536568 442.768468 6 11.531225
48 t 200.111179 439.102459 6 11.918029
48 t 205.490925 279.804439 6 13.255292
48 t 209.385287 281.383801 6 16.396353
49 w 273.530126 188.063856 10.000000 1 6 0.521530
49 w 349.357351 151.606050 10.000000 1 6 0.384038
49 w 135.959208 262.194403 10.000000 1 6 0.610965
49 t 270.049477 191.456923 6 5.858058
49 t 272.179658 188.211532 6 3.032534
49 t 350.395341 150.808180 6 13.407564
49 t 350.501064 151.853080 6 12.705840
49 t 132.933493 265.943436 6 8.139931
49 t 137.110493 261.102584 6 8.895223
50 w 276.485988 226.320692 10.000000 1 6 0.504247
50 w 36.687139 2.552372 10.000000 1 6 0.570155
50 w 428.244289 404.544708 10.000000 1 6 0.543719
50 t 276.361884 226.202436 6 5.145608
50 t 277.046276 226.875958 6 7.360964
50 t 37.006049 2.173980 6 12.104816
50 t 37.824579 2.222949 6 5.694785
50 t 425.745068 403.263432 6 10.306738
50 t 427.564666 403.505272 6 14.216193
51 w 329.015705 236.128555 10.000000 1 6 0.560850
51 w 416.518308 490.790980 10.000000 1 6 0.402763
51 w 393.186319 84.796159 10.000000 1 6 0.408959
51 t 327.935808 236.888927 6 14.089074
51 t 330.207865 236.704207 6 6.459174
51 t 418.175724 493.909624 6 7.336076
51 t 416.272310 490.170156 6 13.438349
51 t 395.780141 81.550605 6 9.164871
51 t 393.397967 85.249785 6 15.331086
52 w 153.274195 281.863953 10.000000 1 6 0.506482
52 w 369.732242 196.707389 10.000000 1 6 0.416195
52 w 438.599382 334.075531 10.000000 1 6 0.495942
52 w 418.850263 490.035018 10.000000 1 6 0.539800
52 w 51.001710 201.585904 10.000000 1 6 0.504042
52 w 93.265424 409.365679 10.000000 1 6 0.477358
52 t 152.515967 284.702909 6 16.924360
52 t 152.382945 281.445845 6 16.504321
52 t 371.044588 196.392016 6 10.232044
52 t 370.655535 196.746285 6 11.438935
52 t 436.097327 336.228882 6 13.089252
52 t 437.679506 334.687554 6 3.413096
52 t 417.641834 487.107081 6 12.939306
52 t 417.440192 490.343680 6 19.159855
52 t 53.818167 201.135179 6 15.847010
52 t 51.320575 203.056678 6 5.052664
52 t 95.086669 410.407210 6 12.119072
52 t 92.426990 409.797369 6 5.634660
53 w 388.957978 209.513871 10.000000 1 6 0.464168
53 w 475.771555 319.353560 10.000000 1 6 0.559710
53 w 343.473734 254.901305 10.000000 1 6 0.503469
53 w 69.930791 465.594804 10.000000 1 6 0.498490
53 t 388.622884 211.593028 6 16.459710
53 t 388.706424 210.722558 6 11.853803
53 t 475.678685 317.769598 6 15.110887
53 t 474.949081 319.124937 6 12.017555
53 t 343.260727 251.464372 6 8.192968
53 t 342.804692 254.734760 6 11.443979
53 t 70.422474 463.861608 6 2.573166
53 t 70.320953 466.402417 6 8.323010
54 w 420.126561 414.699656 10.000000 1 6 0.539150
54 w 41.502001 420.493359 10.000000 1 6 0.496365
54 t 422.426901 412.017908 6 1.858519
54 t 420.192361 416.013313 6 7.086363
54 t 43.439472 419.316620 6 6.576656
54 t 40.302117 420.597418 6 10.902233
55 w 351.086554 485.854616 10.000000 1 6 0.513975
55 w 62.107689 38.744073 10.000000 1 6 0.657887
55 w 414.047964 375.064056 10.000000 1 6 0.589496
55 w 163.222906 434.366619 10.000000 1 6 0.431849
55 w 223.868733 324.812375 10.000000 1 6 0.573507
55 w 10.554172 469.057717 10.000000 1 6 0.504667
55 w 128.322253 372.309779 10.000000 1 6 0.421483
55 t 349.129801 488.515617 6 9.860994
55 t 350.159469 484.546574 6 8.759305
55 t 65.555145 38.613157 6 15.778612
55 t 61.202096 38.177904 6 9.047979
55 t 417.754810 375.967704 6 4.365255
55 t 414.551333 375.782096 6 14.915955
55 t 164.531579 431.483929 6 15.786371
55 t 164.671679 435.692707 6 11.511797
55 t 223.519676 328.362684 6 7.151310
55 t 223.641865 324.408836 6 15.452458
55 t 9.530104 465.391142 6 11.574403
55 t 9.902986 469.524553 6 12.270859
55 t 124.613730 370.348971 6 6.998727
55 t 128.071454 371.759961 6 12.895743
56 w 478.249351 145.148716 10.000000 1 6 0.455318
56 w 323.465197 336.760171 10.000000 1 6 0.486690
56 w 345.013352 354.562064 10.000000 1 6 0.472155
56 w 78.863668 163.640324 10.000000 1 6 0.430178
56 w 144.294904 21.620849 10.000000 1 6 0.483985
56 t 476.316458 143.153208 6 7.765557
56 t 476.986172 146.599001 6 12.117524
56 t 324.780214 333.738795 6 2.530665
56 t 322.245560 338.179844 6 4.894122
56 t 348.335364 357.835444 6 10.825310
56 t 345.613205 353.839167 6 13.323581
56 t 78.070083 165.777572 6 10.880522
56 t 79.067627 164.044469 6 11.142759
56 t 143.778998 20.034656 6 10.480670
56 t 144.186949 22.443514 6 15.103011
57 w 349.212357 100.009457 10.000000 1 6 0.402698
57 w 329.778627 122.994661 10.000000 1 6 0.619228
57 w 128.501144 448.238533 10.000000 1 6 0.558840
57 w 202.710364 425.384335 10.000000 1 6 0.413418
57 w 380.637710 127.479746 10.000000 1 6 0.406547
57 w 436.352774 78.512010 10.000000 1 6 0.510950
57 t 347.714493 102.062061 6 6.337757
57 t 349.636714 100.717023 6 10.490747
57 t 331.016694 120.445466 6 15.529203
57 t 330.226873 123.148064 6 10.364605
57 t 130.621289 446.394172 6 6.865395
57 t 127.084908 448.277559 6 10.247841
57 t 199.436288 423.467893 6 9.762676
57 t 201.533390 424.052817 6 11.593732
57 t 381.035919 127.831063 6 1.000000
57 t 379.495689 128.077361 6 14.354713
57 t 432.639541 77.123087 6 4.889087
57 t 437.724867 77.799493 6 12.882471
58 w 186.543090 369.967923 10.000000 1 6 0.610605
58 w 419.810507 383.442370 10.000000 1 6 0.461930
58 w 176.608811 499.107480 10.000000 1 6 0.466403
58 t 186.042244 370.346037 6 6.977641
58 t 187.813843 370.410054 6 11.568943
58 t 422.974316 379.917799 6 7.425580
58 t 418.802061 384.081978 6 8.807543
58 t 174.622185 502.341576 6 9.495835
58 t 177.496013 500.249884 6 14.362757
59 w 80.872096 368.562527 10.000000 1 6 0.445040
59 w 453.969406 57.665629 10.000000 1 6 0.577337
59 w 495.147471 216.167780 10.000000 1 6 0.499923
59 t 79.658790 368.332199 6 12.311842
59 t 80.748748 367.402627 6 12.807685
59 t 453.835498 54.521676 6 9.353086
59 t 454.022605 57.187071 6 12.650818
59 t 491.578309 217.301440 6 11.080466
59 t 494.478431 216.312222 6 8.343922
61 w 441.402844 125.487807 10.000000 1 6 0.459106
61 w 71.183397 207.407313 10.000000 1 6 0.407634
61 t 437.747618 123.532433 6 13.008812
61 t 441.023289 126.178470 6 8.261422
61 t 73.844681 205.775269 6 11.369287
61 t 70.331294 207.564627 6 16.646383
62 w 172.856837 109.875177 10.000000 1 6 0.621964
62 w 347.764542 204.494419 10.000000 1 6 0.490245
62 w 130.257479 336.157598 10.000000 1 6 0.511095
62 t 174.457794 112.460170 6 15.269387
62 t 174.082070 108.382342 6 3.894297
62 t 346.898255 206.474674 6 9.715692
62 t 346.750295 204.040211 6 7.245547
62 t 133.924572 335.403461 6 15.993098
62 t 131.093459 336.785112 6 2.808647
63 w 122.804901 369.551800 10.000000 1 6 0.531233
63 w 133.467495 1.796532 10.000000 1 6 0.476739
63 w 66.038636 188.308335 10.000000 1 6 0.551516
63 t 119.785918 371.374416 6 12.199631
63 t 121.757918 371.020055 6 8.729600
63 t 135.376388 1.837549 6 16.488337
63 t 134.375691 0.316871 6 11.902721
63 t 63.069838 185.074861 6 9.591274
63 t 66.889961 188.121571 6 11.609073
64 w 231.653232 102.949053 10.000000 1 6 0.466284
64 w 437.581887 63.714491 10.000000 1 6 0.459881
64 w 103.513211 159.593269 10.000000 1 6 0.466581
64 w 332.331683 428.449125 10.000000 1 6 0.426170
64 w 392.494984 456.458721 10.000000 1 6 0.475564
64 t 229.459108 101.395737 6 14.467211
64 t 230.666081 102.794665 6 10.137273
64 t 434.280899 60.598251 6 16.572411
64 t 438.195478 65.048204 6 3.469783
64 t 102.160331 159.030704 6 3.851299
64 t 104.180302 160.570947 6 6.172357
64 t 333.862276 428.513237 6 6.208617
64 t 331.576303 428.091937 6 11.051994
64 t 389.581232 459.672503 6 8.780647
64 t 391.098191 455.895622 6 10.140113
65 w 366.296656 27.939523 10.000000 1 6 0.535715
65 w 467.867373 103.076909 10.000000 1 6 0.479977
65 w 256.540996 165.183257 10.000000 1 6 0.508463
65 w 388.997811 384.570372 10.000000 1 6 0.515941
65 t 367.072883 24.856636 6 3.908454
65 t 367.656467 28.743871 6 14.838107
65 t 464.372122 100.068757 6 16.739210
65 t 469.150474 103.153897 6 9.127934
65 t 259.743306 168.537850 6 11.033735
65 t 255.877117 166.156884 6 11.763107
65 t 389.687555 381.650983 6 12.470386
65 t 388.344000 384.400709 6 11.945631
66 w 306.178425 112.274242 10.000000 1 6 0.486236
66 w 131.409717 231.404835 10.000000 1 6 0.417613
66 w 372.596586 11.923537 10.000000 1 6 0.430689
66 w 283.023661 211.041077 10.000000 1 6 0.509769
66 w 94.493317 132.719793 10.000000 1 6 0.537657
66 w 440.602982 364.735666 10.000000 1 6 0.540132
66 w 488.032829 300.435996 10.000000 1 6 0.568426
66 t 308.375729 109.287883 6 14.728113
66 t 305.147640 112.682240 6 11.868980
66 t 130.923056 233.457490 6 17.431170
66 t 131.937040 231.540364 6 11.377103
66 t 369.428417 13.054162 6 17.449821
66 t 373.024178 11.246343 6 15.012320
66 t 282.331167 212.367801 6 9.301934
66 t 281.827432 210.429999 6 9.606232
66 t 90.803482 130.258498 6 3.740146
66 t 93.266007 132.707829 6 10.399591
66 t 438.077106 366.849351 6 3.051069
66 t 440.315552 363.763887 6 7.434104
66 t 489.358231 304.063040 6 14.314064
66 t 487.206910 301.780075 6 13.779540
67 w 333.956187 372.465769 10.000000 1 6 0.412324
67 w 291.821672 493.122260 10.000000 1 6 0.569808
67 w 84.627236 268.701309 10.000000 1 6 0.530047
67 t 336.688753 368.978797 6 14.870397
67 t 333.737361 373.293646 6 3.137628
67 t 293.817142 492.756241 6 7.687145
67 t 290.361388 493.606311 6 10.487217
67 t 84.985044 268.095610 6 7.006000
67 t 85.135947 267.480843 6 5.196062
68 w 159.835026 327.517534 10.000000 1 6 0.547671
68 w 361.964516 134.414405 10.000000 1 6 0.516826
68 w 330.383435 461.978133 10.000000 1 6 0.458968
68 w 484.065960 363.237648 10.000000 1 6 0.447308
68 w 489.962183 58.460262 10.000000 1 6 0.493401
68 t 157.559744 326.259272 6 7.751800
68 t 161.045607 326.977893 6 14.820540
68 t 361.216007 131.201950 6 9.316647
68 t 360.519870 133.482944 6 5.767616
68 t 333.650404 458.734027 6 10.767704
68 t 329.495428 462.665597 6 17.934678
68 t 487.610088 363.727267 6 11.090301
68 t 484.212011 362.909361 6 6.196085
68 t 487.419484 57.090113 6 9.018187
68 t 488.705067 58.602407 6 7.956172
69 w 395.813007 461.221374 10.000000 1 6 0.440393
69 w 187.730915 460.598014 10.000000 1 6 0.464629
69 w 63.618071 202.709095 10.000000 1 6 0.611453
69 t 398.922870 462.264826 6 12.317736
69 t 394.715536 460.686062 6 8.370833
69 t 188.832615 461.154851 6 7.708864
69 t 188.201466 460.378920 6 9.697509
69 t 60.733314 204.509378 6 6.851024
69 t 63.672006 202.015778 6 17.888688
70 w 344.660239 381.604534 10.000000 1 6 0.614884
70 w 438.158896 391.012221 10.000000 1 6 0.465344
70 w 296.319243 277.009740 10.000000 1 6 0.508324
70 w 251.284125 414.364174 10.000000 1 6 0.472431
70 w 143.320629 177.789768 10.000000 1 6 0.485237
70 w 469.579400 399.268208 10.000000 1 6 0.467361
70 w 489.398679 123.070827 10.000000 1 6 0.453408
70 t 344.833745 378.260308 6 11.671251
70 t 343.336290 382.273899 6 12.618896
70 t 441.580029 390.977172 6 8.735354
70 t 437.064629 392.096067 6 5.048500
70 t 292.884140 276.866893 6 8.173661
70 t 297.278801 277.616945 6 9.647027
70 t 248.352175 416.006509 6 11.818719
70 t 249.926363 413.286847 6 9.165449
70 t 142.948385 180.271564 6 2.036848
70 t 143.196730 176.871130 6 5.168745
70 t 469.295723 402.639745 6 13.095695
70 t 470.823005 398.826168 6 9.311838
70 t 487.282507 122.778471 6 5.168456
70 t 489.134119 123.122600 6 5.377307
71 w 115.537218 105.704130 10.000000 1 6 0.484001
71 t 117.863690 107.955266 6 13.015460
71 t 116.357517 105.319858 6 5.666805
72 w 356.669256 360.967883 10.000000 1 6 0.522458
72 w 414.317795 344.801635 10.000000 1 6 0.558283
72 w 19.114854 128.090609 10.000000 1 6 0.480013
72 t 357.126871 361.370379 6 16.461247
72 t 356.856443 360.744021 6 10.496401
72 t 411.607800 346.598671 6 11.991088
72 t 415.565752 345.251106 6 16.780527
72 t 15.830298 125.960885 6 4.320074
72 t 20.213978 128.235412 6 7.049456
73 w 210.850134 164.073904 10.000000 1 6 0.473802
73 w 27.895555 443.264999 10.000000 1 6 0.528962
73 t 214.518816 161.579597 6 13.756945
73 t 210.217723 164.031422 6 9.145195
73 t 27.517433 446.245722 6 4.423526
73 t 28.934202 443.290389 6 14.268015
74 w 74.520494 227.518463 10.000000 1 6 0.453170
74 w 107.926986 449.436795 10.000000 1 6 0.496811
74 w 466.993582 15.723444 10.000000 1 6 0.499426
74 w 455.189468 90.380053 10.000000 1 6 0.533131
74 w 397.401033 351.518918 10.000000 1 6 0.468158
74 w 235.679156 225.409424 10.000000 1 6 0.465579
74 w 426.943109 262.803102 10.000000 1 6 0.562390
74 w 242.288541 105.193449 10.000000 1 6 0.511411
74 w 130.219062 384.586479 10.000000 1 6 0.495941
74 w 117.274790 356.339923 10.000000 1 6 0.513672
74 t 71.886566 229.202268 6 10.330433
74 t 74.653115 228.499231 6 10.722941
74 t 106.669691 448.060506 6 3.013695
74 t 106.497415 448.738342 6 11.162158
74 t 469.824012 17.971185 6 8.464667
74 t 465.650192 16.420271 6 8.412842
74 t 454.141695 87.949994 6 13.854458
74 t 453.843175 91.410196 6 11.863293
74 t 394.000874 355.260204 6 9.143772
74 t 398.357906 350.658632 6 14.446479
74 t 236.417968 222.189367 6 11.636529
74 t 235.301998 225.373445 6 6.035640
74 t 425.227660 259.163182 6 5.860162
74 t 427.120871 261.624953 6 9.421929
74 t 241.217159 106.259935 6 14.216151
74 t 241.398833 106.234127 6 5.419014
74 t 132.904756 388.109008 6 10.080810
74 t 130.893774 385.932017 6 15.572263
74 t 114.651377 353.146243 6 4.214363
74 t 116.211888 356.217026 6 6.798464
75 w 215.794998 66.180616 10.000000 1 6 0.450846
75 w 63.842801 190.273696 10.000000 1 6 0.423551
75 w 358.535685 406.981854 10.000000 1 6 0.514747
75 w 269.206036 358.260810 10.000000 1 6 0.439382
75 t 215.821209 66.363024 6 9.909655
75 t 217.279224 66.521450 6 10.497532
75 t 62.836481 193.476498 6 11.891703
75 t 63.143775 188.860946 6 13.901108
75 t 360.578344 406.976984 6 12.708649
75 t 357.544413 408.125442 6 12.338756
75 t 269.976204 355.464261 6 7.455522
75 t 269.877427 357.892180 6 2.829087
76 w 170.288037 166.359793 10.000000 1 6 0.512296
76 w 455.877536 37.423063 10.000000 1 6 0.556553
76 w 182.918224 266.768511 10.000000 1 6 0.506239
76 t 167.153672 169.929446 6 10.338633
76 t 170.548775 166.395958 6 11.614396
76 t 459.255961 41.044403 6 18.197216
76 t 455.259456 38.667195 6 18.963012
76 t 185.238870 266.945225 6 14.081001
76 t 183.377466 267.835107 6 8.208284
77 w 160.978622 341.339842 10.000000 1 6 0.509813
77 w 145.831109 143.504789 10.000000 1 6 0.449321
77 w 449.149758 180.729477 10.000000 1 6 0.474778
77 w 310.117589 216.074267 10.000000 1 6 0.528519
77 t 158.051970 340.404813 6 15.931726
77 t 161.363738 340.706143 6 10.061594
77 t 146.942177 141.103177 6 11.118931
77 t 146.772802 142.611020 6 16.046474
77 t 447.790802 179.361054 6 3.400472
77 t 450.449232 181.175816 6 7.149279
77 t 309.434000 219.125637 6 10.437330
77 t 310.398212 215.793897 6 14.357532
78 w 405.960907 456.656760 10.000000 1 6 0.471945
78 w 97.436955 72.068734 10.000000 1 6 0.402966
78 t 408.646063 457.549018 6 18.003145
78 t 405.761098 456.283476 6 16.718027
78 t 94.743114 72.824840 6 3.437135
78 t 96.745567 73.563426 6 12.702487
79 w 70.973446 172.412975 10.000000 1 6 0.565126
79 w 477.333077 167.853560 10.000000 1 6 0.422711
79 w 197.189272 159.126206 10.000000 1 6 0.556431
79 w 21.297125 60.069107 10.000000 1 6 0.407398
79 w 241.493819 448.523413 10.000000 1 6 0.507343
79 w 143.924673 76.029292 10.000000 1 6 0.408035
79 w 249.097730 282.004872 10.000000 1 6 0.539299
79 w 488.938879 231.215830 10.000000 1 6 0.527483
79 w 104.656917 348.668110 10.000000 1 6 0.542312
79 t 73.259355 173.888600 6 9.088770
79 t 69.744831 172.642373 6 15.893031
79 t 476.720296 168.987207 6 9.154922
79 t 476.270058 167.755116 6 6.721336
79 t 195.321658 158.247712 6 8.977821
79 t 196.785536 159.312562 6 14.135691
79 t 22.831799 59.846243 6 9.778080
79 t 20.201004 61.453174 6 13.072383
79 t 239.121909 444.965306 6 9.181968
79 t 240.010088 449.611839 6 13.036425
79 t 144.005520 73.509754 6 14.961656
79 t 142.696024 77.508310 6 10.391249
79 t 252.273395 284.977862 6 6.778856
79 t 248.081911 282.364531 6 10.785653
79 t 489.818486 231.931110 6 11.152412
79 t 487.671236 231.863221 6 6.671742
79 t 105.133545 345.748107 6 11.620654
79 t 105.973701 347.187833 6 10.192544
80 w 380.471718 457.603513 10.000000 1 6 0.507741
80 w 346.481009 428.774289 10.000000 1 6 0.539299
80 w 101.245540 150.098879 10.000000 1 6 0.480712
80 w 183.762579 122.914329 10.000000 1 6 0.521774
80 t 377.120753 455.034374 6 14.001059
80 t 380.117556 457.830986 6 7.052691
80 t 350.068088 430.217886 6 9.228450
80 t 346.813847 428.793267 6 8.103132
80 t 98.904670 149.258768 6 11.442883
80 t 102.618246 149.550877 6 10.267681
80 t 185.858749 119.957733 6 13.656504
80 t 185.052674 122.267178 6 19.759458
81 w 215.345339 8.984910 10.000000 1 6 0.488174
81 w 61.251411 460.874221 10.000000 1 6 0.454864
81 w 229.994514 211.017327 10.000000 1 6 0.491613
81 w 447.763446 281.566961 10.000000 1 6 0.456326
81 w 409.850893 320.547957 10.000000 1 6 0.544236
81 w 169.818805 199.551866 10.000000 1 6 0.506814
81 t 213.028817 10.790317 6 9.163982
81 t 214.791004 7.697996 6 11.835990
81 t 63.461813 460.510379 6 7.352778
81 t 60.141064 460.251994 6 11.011785
81 t 228.678482 209.950591 6 10.817399
81 t 230.640135 209.993224 6 1.000000
81 t 447.271722 279.742136 6 6.360698
81 t 447.869560 280.487926 6 15.336638
81 t 411.633451 322.008737 6 11.666300
81 t 409.967249 320.945828 6 15.295045
81 t 171.344703 197.333122 6 8.361313
81 t 169.892430 200.414814 6 4.351357
82 w 116.806267 155.899407 10.000000 1 6 0.406744
82 w 417.830344 84.089502 10.000000 1 6 0.544828
82 w 401.095172 426.973612 10.000000 1 6 0.377574
82 w 73.413743 141.131980 10.000000 1 6 0.532521
82 w 359.571301 295.669870 10.000000 1 6 0.483808
82 w 394.496444 490.399693 10.000000 1 6 0.497747
82 w 212.488925 206.008299 10.000000 1 6 0.483749
82 w 53.242382 54.313660 10.000000 1 6 0.557142
82 w 168.370942 476.681492 10.000000 1 6 0.428944
82 w 103.328348 434.037666 10.000000 1 6 0.498122
82 t 117.503641 154.012522 6 7.601658
82 t 117.859241 155.562002 6 11.410476
82 t 417.354224 85.990198 6 6.126747
82 t 418.176986 83.271764 6 15.024964
82 t 397.594003 426.854692 6 11.570834
82 t 399.681261 428.264867 6 10.659534
82 t 74.311044 138.980866 6 13.591532
82 t 72.133734 140.966838 6 9.004581
82 t 361.208650 297.973677 6 10.476198
82 t 359.628181 295.330982 6 14.626897
82 t 392.327104 491.414576 6 7.943462
82 t 394.098585 491.547519 6 9.884263
82 t 209.338486 206.664700 6 13.259045
82 t 213.964610 205.732610 6 10.189236
82 t 55.715868 53.975022 6 3.575760
82 t 53.773685 55.108406 6 7.568122
82 t 166.897594 476.706513 6 9.249494
82 t 169.099367 476.883068 6 11.313991
82 t 105.744825 431.444429 6 14.203941
82 t 101.872018 435.187681 6 11.746985
83 w 483.088591 339.814927 10.000000 1 6 0.471418
83 t 483.834963 343.028572 6 14.091968
83 t 483.886023 339.033339 6 12.347399
84 w 346.960011 161.083041 10.000000 1 6 0.440633
84 t 344.729619 157.999435 6 3.131451
84 t 346.425934 162.422544 6 16.238227
85 w 348.869382 163.444694 10.000000 1 6 0.544774
85 w 498.871777 107.634659 10.000000 1 6 0.505815
85 w 464.923461 464.880745 10.000000 1 6 0.489332
85 t 352.134224 164.212583 6 8.051139
85 t 348.891222 164.221067 6 8.241675
85 t 498.466579 108.636217 6 10.922803
85 t 499.207778 107.269420 6 5.511632
85 t 465.531583 464.565935 6 12.734794
85 t 463.560157 465.612251 6 20.804742
86 w 230.870519 343.024572 10.000000 1 6 0.535520
86 w 136.693760 31.459880 10.000000 1 6 0.567476
86 w 298.862926 299.430050 10.000000 1 6 0.502512
86 w 291.099272 42.756787 10.000000 1 6 0.533368
86 w 498.550581 337.282578 10.000000 1 6 0.478136
86 w 198.597994 357.183862 10.000000 1 6 0.388835
86 t 229.871222 344.804895 6 8.379225
86 t 229.993191 342.275301 6 5.241300
86 t 137.776802 30.719074 6 9.153975
86 t 135.483137 30.380265 6 8.170300
86 t 297.515495 298.742240 6 4.801969
86 t 299.229243 298.482716 6 7.093575
86 t 287.591917 39.153215 6 10.215333
86 t 290.127116 43.274113 6 8.559538
86 t 495.221306 340.665272 6 7.295538
86 t 499.834109 336.341745 6 12.144826
86 t 201.510103 359.458718 6 10.961762
86 t 197.307947 358.112845 6 6.337012
87 w 401.223637 82.205947 10.000000 1 6 0.458237
87 w 270.483275 365.923296 10.000000 1 6 0.400490
87 w 99.938529 456.451679 10.000000 1 6 0.538641
87 w 268.379056 37.723279 10.000000 1 6 0.497142
87 w 249.491874 276.749264 10.000000 1 6 0.557499
87 w 182.351057 360.219472 10.000000 1 6 0.502015
87 t 402.570200 85.201451 6 14.691490
87 t 401.021057 81.968652 6 7.326101
87 t 266.987881 366.109298 6 12.222370
87 t 270.706343 366.966268 6 9.928689
87 t 99.807105 458.554414 6 4.274572
87 t 101.314278 456.684716 6 11.986085
87 t 266.471917 40.912884 6 7.572573
87 t 269.120400 38.108383 6 12.057286
87 t 246.467731 279.721887 6 7.990258
87 t 249.005038 277.830997 6 14.007266
87 t 184.314511 363.177921 6 12.193778
87 t 183.044635 359.523189 6 13.874972
88 w 243.863776 336.047692 10.000000 1 6 0.539845
88 w 256.344997 42.413380 10.000000 1 6 0.537989
88 w 38.717518 405.725139 10.000000 1 6 0.453243
88 t 246.782652 336.840617 6 14.022373
88 t 243.633779 337.250880 6 8.133681
88 t 255.236952 41.326797 6 7.038385
88 t 257.641861 43.622699 6 9.066907
88 t 41.009746 402.542694 6 12.225027
88 t 39.311718 406.240642 6 5.282449
90 w 161.964877 164.588267 10.000000 1 6 0.566149
90 w 417.323486 329.848052 10.000000 1 6 0.459889
90 w 371.170230 45.492870 10.000000 1 6 0.473723
90 w 252.096012 348.748524 10.000000 1 6 0.448824
90 w 77.452734 61.636286 10.000000 1 6 0.582934
90 t 162.223631 166.418131 6 14.789790
90 t 160.877363 163.710570 6 1.703616
90 t 416.118257 326.446373 6 15.012861
90 t 416.359585 329.562622 6 11.337045
90 t 374.405229 46.318749 6 13.243524
90 t 371.664615 46.065227 6 10.580478
90 t 251.069254 349.902743 6 6.917032
90 t 251.487669 347.319842 6 8.448368
90 t 75.750101 62.252591 6 9.806999
90 t 78.701982 62.392985 6 10.342035
91 w 335.853471 439.062065 10.000000 1 6 0.517110
91 w 473.628117 60.112254 10.000000 1 6 0.542070
91 w 268.119835 229.531813 10.000000 1 6 0.532160
91 w 166.240565 437.374062 10.000000 1 6 0.458163
91 w 174.072074 0.542787 10.000000 1 6 0.556686
91 t 337.021450 440.614432 6 10.611519
91 t 335.647186 438.311635 6 12.915629
91 t 476.586811 63.472314 6 8.251024
91 t 473.378774 60.637688 6 14.291975
91 t 266.041711 227.039978 6 6.534784
91 t 268.656032 230.626007 6 9.897480
91 t 165.673262 440.780318 6 14.442991
91 t 166.991701 438.062182 6 16.552712
91 t 176.715247 1.559444 6 14.454266
91 t 175.476083 1.957167 6 7.459502
92 w 281.680290 168.827969 10.000000 1 6 0.490930
92 w 58.334144 381.587069 10.000000 1 6 0.460035
92 t 284.633955 172.342377 6 9.205345
92 t 280.789764 167.781409 6 7.415458
92 t 58.102309 384.036524 6 6.303894
92 t 58.836253 380.695106 6 10.421279
93 w 27.795005 108.495094 10.000000 1 6 0.477967
93 w 271.775550 50.395237 10.000000 1 6 0.551524
93 w 259.668794 376.987381 10.000000 1 6 0.526707
93 w 408.145276 196.959534 10.000000 1 6 0.438915
93 w 35.698709 68.481626 10.000000 1 6 0.509038
93 w 113.031186 80.913312 10.000000 1 6 0.588820
93 w 125.721970 216.415677 10.000000 1 6 0.504275
93 w 228.199493 244.503659 10.000000 1 6 0.440854
93 w 209.620527 379.799526 10.000000 1 6 0.509943
93 w 125.952216 188.356843 10.000000 1 6 0.437913
93 t 24.852675 111.539282 6 12.467753
93 t 27.906346 107.931052 6 8.952802
93 t 275.160516 47.322627 6 12.053311
93 t 270.870349 51.441878 6 10.346065
93 t 262.959311 375.722576 6 8.649690
93 t 259.809877 378.220155 6 6.945702
93 t 404.867898 193.918958 6 6.749432
93 t 408.501895 197.687661 6 10.841399
93 t 36.692532 69.823525 6 10.164327
93 t 36.032064 68.575344 6 16.973215
93 t 112.118516 80.648997 6 8.031376
93 t 113.461620 80.786749 6 10.700234
93 t 123.461370 216.028077 6 1.000000
93 t 125.037961 215.935752 6 12.175548
93 t 226.892944 241.977152 6 13.315831
93 t 226.859621 245.465422 6 11.205044
93 t 206.955192 376.223591 6 7.692952
93 t 210.189567 380.437473 6 8.866888
93 t 128.095047 188.871003 6 7.282375
93 t 125.298867 188.230220 6 13.701726
94 w 200.775846 481.793235 10.000000 1 6 0.562308
94 w 109.761010 347.046965 10.000000 1 6 0.536701
94 w 457.966382 141.361118 10.000000 1 6 0.480154
94 w 213.123855 312.479598 10.000000 1 6 0.525830
94 w 29.368653 243.751230 10.000000 1 6 0.490196
94 t 199.984313 484.777550 6 12.549984
94 t 199.524471 481.912086 6 12.741818
94 t 108.410965 349.497350 6 13.038730
94 t 109.821722 346.532565 6 9.012601
94 t 459.088825 137.782746 6 11.152540
94 t 458.821804 141.231256 6 14.788377
94 t 209.732450 311.638773 6 8.219144
94 t 212.577819 313.422264 6 13.978091
94 t 29.827166 240.426081 6 14.709178
94 t 30.279515 244.058835 6 1.000000
95 w 360.477955 354.778379 10.000000 1 6 0.569709
95 w 91.603046 387.705885 10.000000 1 6 0.511607
95 t 357.220770 357.055246 6 9.892698
95 t 359.547414 354.834336 6 5.843878
95 t 88.673811 385.707062 6 15.732740
95 t 92.578740 386.807190 6 9.308545
96 w 64.669303 357.676991 10.000000 1 6 0.437855
96 w 296.433558 115.791447 10.000000 1 6 0.512053
96 t 62.647571 356.064404 6 15.516712
96 t 65.157840 358.980080 6 8.185046
96 t 295.978295 116.702763 6 12.728146
96 t 297.442029 115.275276 6 16.463854
97 w 376.147524 97.093346 10.000000 1 6 0.498664
97 w 259.454720 407.804495 10.000000 1 6 0.454014
97 w 286.957643 433.716233 10.000000 1 6 0.455797
97 w 470.566926 402.190816 10.000000 1 6 0.508066
97 w 441.969602 359.012612 10.000000 1 6 0.424163
97 w 169.494715 212.768196 10.000000 1 6 0.517103
97 t 376.501923 96.377112 6 15.699069
97 t 374.915041 97.566416 6 8.317827
97 t 257.065298 409.827252 6 2.807131
97 t 260.412516 408.271149 6 9.349988
97 t 285.832365 434.965464 6 16.252238
97 t 287.945045 432.944415 6 9.361735
97 t 473.214426 402.486222 6 2.802897
97 t 470.769157 402.180254 6 3.644667
97 t 443.765638 359.225920 6 12.278766
97 t 442.174856 358.564091 6 10.909183
97 t 170.878294 211.307695 6 16.694644
97 t 170.288006 212.426366 6 8.296222
98 w 11.442866 92.854199 10.000000 1 6 0.548589
98 w 219.796927 248.666811 10.000000 1 6 0.548642
98 t 10.057305 94.660294 6 9.485871
98 t 11.636365 91.830487 6 15.484174
98 t 218.550900 249.956591 6 3.768045
98 t 218.462157 247.198227 6 7.376139
99 w 210.785235 90.097600 10.000000 1 6 0.421207
99 w 355.011381 0.401160 10.000000 1 6 0.499514
99 w 5.961028 123.741958 10.000000 1 6 0.465369
99 w 60.087138 466.530905 10.000000 1 6 0.559180
99 w 152.984408 282.530450 10.000000 1 6 0.546942
99 w 325.368947 215.413204 10.000000 1 6 0.450450
99 w 177.520514 183.810093 10.000000 1 6 0.525993
99 t 209.347102 87.343433 6 8.648850
99 t 212.185353 88.946650 6 5.600365
99 t 354.920003 3.314852 6 6.247399
99 t 354.855541 0.880533 6 7.142806
99 t 8.949355 120.892314 6 8.056248
99 t 5.436221 122.942551 6 17.074011
99 t 63.503928 466.938437 6 7.469850
99 t 60.322942 467.993634 6 10.689452
99 t 153.395540 279.249376 6 9.348450
99 t 151.749841 282.299174 6 7.315882
99 t 326.958089 217.027106 6 9.109503
99 t 324.301708 215.536040 6 10.488206
99 t 176.162034 180.774880 6 8.511879
99 t 176.881091 184.148361 6 19.888173
100 w 130.395786 308.636270 10.000000 1 6 0.488948
100 w 473.275997 141.530429 10.000000 1 6 0.468867
100 w 96.782049 183.883220 10.000000 1 6 0.509084
100 w 428.221589 15.299427 10.000000 1 6 0.525809
100 t 133.850668 305.426001 6 12.070406
100 t 130.978329 309.315684 6 8.929674
100 t 470.155930 143.538828 6 10.857691
100 t 473.381875 140.905239 6 7.467335
100 t 95.882354 183.172402 6 13.436358
100 t 98.233205 184.173942 6 12.705550
100 t 424.626786 13.232512 6 8.876420
100 t 427.295170 16.708035 6 8.346969
101 w 274.338466 360.221540 10.000000 1 6 0.528183
101 w 3.843723 445.646624 10.000000 1 6 0.440008
101 w 432.749235 395.265928 10.000000 1 6 0.547447
101 w 57.823794 165.207745 10.000000 1 6 0.552622
101 w 86.863808 261.857982 10.000000 1 6 0.514312
101 w 33.075664 270.428870 10.000000 1 6 0.488850
101 w 214.375038 494.619936 10.000000 1 6 0.499049
101 t 276.716656 360.769208 6 9.485527
101 t 272.858105 361.516728 6 8.211778
101 t 3.683408 443.332686 6 10.354848
101 t 3.843258 444.285855 6 11.224761
101 t 431.829128 395.257967 6 11.827797
101 t 431.459122 395.072680 6 11.669189
101 t 60.416845 166.402068 6 14.150369
101 t 58.047392 166.236227 6 11.531225
101 t 85.206658 261.431982 6 16.479205
101 t 87.177050 261.584875 6 13.128035
101 t 34.404222 267.084589 6 6.727969
101 t 33.812909 268.987975 6 7.212503
101 t 211.638497 495.238334 6 7.620994
101 t 212.948946 493.455442 6 9.268662
102 w 18.872304 224.635476 10.000000 1 6 0.510253
102 w 396.063640 410.367992 10.000000 1 6 0.375058
102 w 106.064106 33.897619 10.000000 1 6 0.539802
102 t 19.129931 222.679366 6 8.487352
102 t 19.731338 224.650397 6 7.710287
102 t 395.096040 408.902096 6 1.713732
102 t 395.573867 410.166349 6 11.611094
102 t 104.228347 33.259073 6 4.345075
102 t 106.219935 32.718724 6 6.734455
103 w 368.030296 20.617010 10.000000 1 6 0.488128
103 w 249.880515 17.932959 10.000000 1 6 0.500568
103 w 283.817454 154.566465 10.000000 1 6 0.516002
103 w 464.340843 427.203665 10.000000 1 6 0.531929
103 w 215.389876 40.644826 10.000000 1 6 0.517253
103 w 145.549364 245.538459 10.000000 1 6 0.482704
103 w 331.998002 85.922570 10.000000 1 6 0.567102
103 w 222.292579 70.282836 10.000000 1 6 0.485174
103 w 393.588351 38.105619 10.000000 1 6 0.506549
103 w 232.474656 355.012776 10.000000 1 6 0.480463
103 t 371.243610 17.647666 6 12.715845
103 t 368.453740 19.555835 6 13.407564
103 t 250.799990 15.162051 6 13.437286
103 t 250.662416 17.579896 6 8.998301
103 t 281.866379 152.184583 6 8.736084
103 t 282.358826 155.208281 6 10.989135
103 t 465.837975 425.483940 6 13.404099
103 t 465.742804 428.423457 6 14.286653
103 t 216.798930 37.985696 6 10.716630
103 t 216.053965 41.514544 6 10.124905
103 t 146.300059 246.788347 6 4.963192
103 t 145.053859 246.953449 6 10.920902
103 t 333.701943 87.342199 6 16.842644
103 t 330.663067 84.803728 6 12.926541
103 t 220.864301 66.776345 6 7.933582
103 t 221.681141 69.645984 6 12.104816
103 t 397.219981 38.605800 6 13.675843
103 t 392.694326 38.199137 6 9.876109
103 t 231.290659 355.770254 6 13.730042
103 t 232.625774 355.747812 6 8.546578
104 w 364.195482 498.183489 10.000000 1 6 0.439627
104 w 478.873321 72.230406 10.000000 1 6 0.473902
104 t 363.450566 497.053332 6 3.346828
104 t 364.452697 497.564772 6 7.640909
104 t 476.852755 72.216894 6 9.645901
104 t 478.142340 71.620360 6 7.035182
105 w 481.223614 65.033002 10.000000 1 6 0.488701
105 w 70.418365 21.456752 10.000000 1 6 0.435798
105 w 483.374722 226.439854 10.000000 1 6 0.508486
105 w 489.665659 194.875042 10.000000 1 6 0.461278
105 w 35.409488 375.170077 10.000000 1 6 0.442102
105 w 173.679910 490.277506 10.000000 1 6 0.533028
105 t 484.626012 62.230218 6 10.014621
105 t 480.394247 65.954391 6 13.328387
105 t 69.054052 23.330386 6 6.047369
105 t 69.208769 22.422749 6 11.706830
105 t 485.129317 225.399540 6 12.094919
105 t 484.102124 226.990339 6 7.336076
105 t 492.962762 194.736080 6 2.317460
105 t 488.680692 195.463221 6 12.808775
105 t 31.987951 377.747994 6 10.621773
105 t 33.911227 374.733789 6 11.208223
105 t 176.212995 491.655588 6 10.745276
105 t 174.459561 491.438027 6 7.282000
106 w 422.935418 195.475406 10.000000 1 6 0.427195
106 w 349.907383 186.944397 10.000000 1 6 0.492958
106 w 309.608849 443.462113 10.000000 1 6 0.534284
106 t 425.199015 192.617703 6 7.581127
106 t 421.565070 195.662997 6 6.744363
106 t 353.371080 186.252194 6 9.862895
106 t 350.078240 186.473700 6 12.560931
106 t 310.531156 442.354508 6 10.852411
106 t 308.652178 444.798047 6 11.879314
107 w 172.649187 147.403915 10.000000 1 6 0.502290
107 w 461.931713 45.640065 10.000000 1 6 0.502334
107 w 51.194423 160.447112 10.000000 1 6 0.510237
107 w 48.129315 396.705970 10.000000 1 6 0.451991
107 w 73.082394 289.933525 10.000000 1 6 0.456531
107 w 363.878317 169.847244 10.000000 1 6 0.508339
107 t 170.748281 145.224522 6 6.918789
107 t 173.595954 148.560703 6 10.232044
107 t 464.042055 43.671961 6 5.097945
107 t 463.025080 44.934653 6 14.057230
107 t 51.628989 157.186652 6 12.928146
107 t 50.077379 160.481881 6 9.943630
107 t 47.628310 399.089850 6 10.559972
107 t 47.310742 397.861405 6 11.201669
107 t 75.173235 291.370111 6 12.112915
107 t 72.559285 288.660333 6 10.182808
107 t 363.350686 169.153488 6 12.655585
107 t 363.880759 168.599627 6 7.260903
108 w 471.302291 303.929548 10.000000 1 6 0.465205
108 w 29.369949 11.936290 10.000000 1 6 0.472529
108 w 357.783930 211.066870 10.000000 1 6 0.454602
108 w 37.538508 130.007308 10.000000 1 6 0.491898
108 w 332.638047 194.195365 10.000000 1 6 0.490728
108 t 467.963942 307.356697 6 9.139259
108 t 470.097801 303.452551 6 8.073862
108 t 27.053455 12.783857 6 2.853741
108 t 29.808800 11.827989 6 15.847010
108 t 355.706231 212.705306 6 6.194886
108 t 358.037509 212.556728 6 15.057441
108 t 37.924416 130.077782 6 6.335356
108 t 37.438162 130.887867 6 7.785019
108 t 329.154481 192.182210 6 6.587939
108 t 333.067744 194.329880 6 5.417337
109 w 345.901963 188.874988 10.000000 1 6 0.499770
109 w 319.911358 199.018510 10.000000 1 6 0.482188
109 w 32.446840 397.645641 10.000000 1 6 0.504584
109 w 360.556859 133.775689 10.000000 1 6 0.495487
109 t 345.483527 190.547888 6 19.431494
109 t 345.014346 189.793728 6 13.230401
109 t 321.140504 196.797004 6 14.243136
109 t 319.619040 200.163652 6 7.710543
109 t 31.935526 394.799239 6 13.187086
109 t 33.245166 396.975693 6 2.989231
109 t 361.989333 135.151544 6 14.090238
109 t 359.517347 134.668701 6 15.110887
110 w 176.564725 58.338976 10.000000 1 6 0.436673
110 w 412.227169 64.966733 10.000000 1 6 0.525322
110 w 122.600688 188.788462 10.000000 1 6 0.580900
110 t 178.989283 55.970091 6 17.507771
110 t 175.614227 56.941088 6 9.774805
110 t 412.193275 66.657093 6 8.791963
110 t 412.159889 65.398132 6 6.202882
110 t 120.138077 185.805978 6 5.899941
110 t 123.253481 190.234434 6 8.800953
111 w 381.014780 394.261219 10.000000 1 6 0.587725
111 w 306.476046 477.880780 10.000000 1 6 0.488981
111 w 235.884502 268.812709 10.000000 1 6 0.489421
111 t 381.186216 395.745299 6 10.173248
111 t 382.251438 395.208404 6 11.536790
111 t 307.382206 475.008781 6 16.984928
111 t 305.181418 478.432994 6 4.967504
111 t 236.075028 270.543965 6 12.897546
111 t 234.957727 269.832009 6 4.788994
112 w 495.680608 352.206320 10.000000 1 6 0.457221
112 t 492.719192 351.048717 6 9.929499
112 t 496.052588 351.725760 6 1.858519
113 w 469.688733 353.921684 10.000000 1 6 0.555028
113 w 183.050835 144.264253 10.000000 1 6 0.391584
113 w 259.068630 298.661504 10.000000 1 6 0.512848
113 w 276.854123 252.926784 10.000000 1 6 0.461500
113 w 260.038587 305.417665 10.000000 1 6 0.520392
113 t 472.592685 352.135942 6 10.458193
113 t 470.374021 352.709250 6 7.541078
113 t 179.511059 144.878381 6 9.682884
113 t 181.670161 143.926743 6 14.011150
113 t 259.299655 300.505712 6 2.362098
113 t 258.490623 300.132602 6 7.572099
113 t 276.453880 253.724919 6 7.655106
113 t 276.080837 253.922391 6 10.093864
113 t 260.882228 304.042118 6 10.809714
113 t 260.803295 306.124670 6 4.407874
114 w 454.691288 283.100411 10.000000 1 6 0.538989
114 w 485.336273 305.999305 10.000000 1 6 0.437811
114 w 401.709111 328.088715 10.000000 1 6 0.538642
114 w 183.128763 195.265028 10.000000 1 6 0.498587
114 t 458.342399 282.845618 6 6.821724
114 t 453.496322 281.748290 6 10.811149
114 t 484.321478 304.523257 6 13.231321
114 t 484.356824 305.814564 6 15.778612
114 t 401.028377 326.752907 6 11.980710
114 t 401.807199 329.405386 6 9.161737
114 t 182.274693 197.055944 6 8.987201
114 t 182.337480 196.180316 6 7.209798
115 w 468.727849 137.596816 10.000000 1 6 0.478962
115 t 470.784998 134.490200 6 11.049322
115 t 467.444971 136.540038 6 6.942211
116 w 216.030213 7.509107 10.000000 1 6 0.496833
116 w 63.932453 199.867247 10.000000 1 6 0.520471
116 w 205.483922 401.515042 10.000000 1 6 0.559638
116 t 214.900286 6.662654 6 8.973634
116 t 214.690266 6.051704 6 17.090506
116 t 61.466163 199.084329 6 13.325160
116 t 65.426948 199.584854 6 14.574961
116 t 204.543958 402.180142 6 14.304423
116 t 206.325623 402.685988 6 13.293416
117 w 1.012946 131.578641 10.000000 1 6 0.473341
117 w 149.593918 69.562183 10.000000 1 6 0.509570
117 w 57.564567 271.588015 10.000000 1 6 0.367648
117 w 295.024769 480.477697 10.000000 1 6 0.461776
117 w 259.435056 244.888847 10.000000 1 6 0.469962
117 w 121.908039 271.357014 10.000000 1 6 0.406957
117 w 122.002060 220.577653 10.000000 1 6 0.583989
117 w 485.392566 268.053201 10.000000 1 6 0.515614
117 t 0.847934 131.240582 6 10.569992
117 t 1.044935 131.558377 6 7.151310
117 t 146.522984 66.804363 6 10.535090
117 t 150.823326 69.945955 6 12.779706
117 t 56.273251 274.061175 6 9.404338
117 t 57.934559 272.471603 6 10.933952
117 t 297.683724 479.771678 6 13.790432
117 t 294.937112 479.496353 6 13.669192
117 t 261.863136 245.033620 6 13.548495
117 t 259.654036 245.482756 6 8.868384
117 t 119.022475 273.291710 6 7.935162
117 t 121.984348 270.214354 6 11.655831
117 t 123.278514 219.791604 6 12.099556
117 t 122.115125 219.583605 6 8.484428
117 t 487.033495 267.128398 6 11.394958
117 t 485.434460 269.365365 6 7.765557
118 w 160.533284 228.671105 10.000000 1 6 0.604465
118 w 359.254344 367.768693 10.000000 1 6 0.529578
118 w 118.094383 235.966950 10.000000 1 6 0.477411
118 t 161.042546 231.483992 6 8.564071
118 t 160.294177 229.896011 6 12.988842
118 t 356.721205 367.410233 6 12.468636
118 t 359.029919 368.538063 6 12.641593
118 t 121.249395 239.197370 6 14.049563
118 t 119.463796 236.693008 6 5.766163
119 w 314.347489 236.892930 10.000000 1 6 0.505316
119 w 320.657375 340.478099 10.000000 1 6 0.525376
119 t 313.974865 238.893337 6 9.416578
119 t 313.050333 237.678999 6 11.586011
119 t 322.914226 339.540278 6 12.633888
119 t 320.447852 339.180015 6 14.811870
120 w 319.445133 338.306029 10.000000 1 6 0.426628
120 t 316.339055 340.405107 6 8.504638
120 t 320.803997 338.670521 6 3.807269
121 w 327.705931 106.117354 10.000000 1 6 0.563840
121 w 438.989896 345.999106 10.000000 1 6 0.555421
121 w 455.398897 237.742446 10.000000 1 6 0.414927
121 t 328.720183 104.986478 6 15.463625
121 t 326.649601 106.550057 6 10.880522
121 t 437.191202 342.261720 6 6.953025
121 t 437.782498 344.948860 6 13.166937
121 t 458.791174 241.388121 6 10.613007
121 t 454.420878 237.011557 6 5.527147
122 w 218.044163 164.617030 10.000000 1 6 0.484795
122 w 358.285030 376.248239 10.000000 1 6 0.509679
122 w 209.589432 390.068866 10.000000 1 6 0.479999
122 w 439.274497 63.691949 10.000000 1 6 0.583840
122 w 193.100490 499.452212 10.000000 1 6 0.416073
122 t 216.501619 164.419692 6 8.166758
122 t 218.668047 163.627981 6 14.646740
122 t 361.014401 373.624781 6 11.328868
122 t 358.901915 374.796321 6 13.441846
122 t 208.471980 392.921340 6 14.213422
122 t 211.021417 390.648183 6 10.891697
122 t 439.218004 66.800981 6 12.188097
122 t 439.465356 63.377029 6 10.800347
122 t 190.117831 498.013219 6 11.914351
122 t 194.003125 498.641025 6 15.529203
123 w 56.119767 289.657186 10.000000 1 6 0.450974
123 w 273.780614 306.605272 10.000000 1 6 0.468018
123 w 79.991110 475.135961 10.000000 1 6 0.504371
123 w 247.996493 58.463700 10.000000 1 6 0.487889
123 w 134.754775 327.509822 10.000000 1 6 0.505649
123 t 59.034609 287.553091 6 6.842564
123 t 56.826294 289.524674 6 8.836411
123 t 273.315135 305.936644 6 6.322600
123 t 272.428253 305.678757 6 10.389442
123 t 79.365588 478.060556 6 12.731196
123 t 80.787068 476.518316 6 5.252746
123 t 246.188816 60.131649 6 3.906797
123 t 248.326139 57.264763 6 8.432686
123 t 138.411403 330.147165 6 5.562401
123 t 133.605667 327.246462 6 10.901863
124 w 456.199075 340.350020 10.000000 1 6 0.514752
124 t 452.892250 341.374805 6 12.534535
124 t 454.722514 340.318515 6 8.801828
125 w 147.604141 217.336380 10.000000 1 6 0.548678
125 w 303.059822 40.790248 10.000000 1 6 0.449220
125 w 472.754017 77.102068 10.000000 1 6 0.545125
125 w 104.455296 449.727159 10.000000 1 6 0.503412
125 t 146.571377 214.351203 6 13.041116
125 t 147.188856 218.358263 6 1.000000
125 t 302.622524 43.832172 6 5.354289
125 t 304.208010 42.170660 6 9.794006
125 t 470.816598 77.921550 6 10.930287
125 t 472.929466 77.929372 6 9.651135
125 t 104.388917 452.475117 6 5.183356
125 t 103.957070 450.166697 6 10.954052
126 w 99.241995 193.093136 10.000000 1 6 0.370016
126 w 417.472280 426.518374 10.000000 1 6 0.649974
126 t 97.114967 196.130261 6 9.796934
126 t 99.988895 191.866715 6 6.829085
126 t 416.470263 426.935754 6 7.346985
126 t 418.838222 425.389598 6 7.737162
127 w 187.746182 21.558563 10.000000 1 6 0.496897
127 w 359.683068 182.116402 10.000000 1 6 0.464396
127 w 273.671032 200.031308 10.000000 1 6 0.505839
127 t 184.958308 20.766575 6 10.087695
127 t 187.955233 22.244337 6 12.167634
127 t 359.467391 184.596322 6 8.339038
127 t 361.039200 180.630861 6 7.425580
127 t 274.003215 203.707773 6 15.282222
127 t 272.590876 200.963026 6 8.415612
128 w 139.087617 454.985023 10.000000 1 6 0.507286
128 w 2.142584 416.749431 10.000000 1 6 0.525438
128 w 30.405001 304.893274 10.000000 1 6 0.461841
128 t 140.461422 452.555752 6 12.337419
128 t 138.875604 455.632010 6 14.182795
128 t -0.671527 420.058148 6 5.831020
128 t 1.868812 416.953344 6 7.638452
128 t 28.466721 305.638163 6 7.779365
128 t 29.452569 305.544697 6 9.666273
129 w 185.535121 359.177472 10.000000 1 6 0.477262
129 t 183.948319 357.878580 6 5.678414
129 t 186.016667 359.160942 6 4.954638
130 w 233.553796 426.724209 10.000000 1 6 0.556471
130 w 356.767702 492.950360 10.000000 1 6 0.451439
130 w 378.579091 475.207858 10.000000 1 6 0.470801
130 w 342.548841 234.313851 10.000000 1 6 0.535137
130 w 191.094569 192.423617 10.000000 1 6 0.555476
130 w 257.051769 431.573391 10.000000 1 6 0.516132
130 w 149.698361 450.799593 10.000000 1 6 0.372729
130 t 231.270939 424.886515 6 1.938164
130 t 234.269901 427.081471 6 8.134285
130 t 359.337623 494.053565 6 6.811841
130 t 358.065267 493.269870 6 9.353086
130 t 377.351826 478.540488 6 15.122565
130 t 378.671314 476.148027 6 12.096450
130 t 346.178292 234.620483 6 15.057295
130 t 343.833476 235.613360 6 11.602943
130 t 194.141859 195.521963 6 16.399302
130 t 192.156505 191.405812 6 4.368714
130 t 259.612695 434.226450 6 9.712670
130 t 256.908960 430.598097 6 17.625492
130 t 148.818913 447.652247 6 9.596751
130 t 150.800318 451.338432 6 8.110912
131 w 87.968677 186.934611 10.000000 1 6 0.586181
131 w 257.954582 468.653517 10.000000 1 6 0.591443
131 w 171.223464 398.411586 10.000000 1 6 0.477597
131 t 87.474522 184.893134 6 12.573364
131 t 88.916862 187.060100 6 5.598419
131 t 254.998807 468.530867 6 7.924817
131 t 257.197367 468.222336 6 11.369287
131 t 169.181252 399.726463 6 10.837613
131 t 171.119871 399.810714 6 11.720693
132 w 360.845724 189.091610 10.000000 1 6 0.501044
132 t 357.660323 189.029061 6 9.597349
132 t 360.394939 188.645324 6 14.732580
