500 500 100 1000
1 w 343.797531 270.041252 10.000000 1 6 0.511727
1 w 308.915019 118.234647 10.000000 1 6 0.614461
1 t 342.882311 268.634082 6 10.089559
1 t 309.432028 117.021234 6 9.559552
2 w 449.572133 201.792638 10.000000 1 6 0.346439
2 w 264.488629 69.939432 10.000000 1 6 0.439573
2 w 146.681166 263.652590 10.000000 1 6 0.607446
2 w 377.123620 306.873768 10.000000 1 6 0.572051
2 w 319.003902 351.458040 10.000000 1 6 0.496359
2 t 449.709473 203.086727 6 10.144365
2 t 265.433758 70.663506 6 10.557328
2 t 145.234006 263.232302 6 10.965791
2 t 376.088051 306.545138 6 9.976406
2 t 320.127459 352.049725 6 10.252752
3 w 12.366838 1.213406 10.000000 1 6 0.518730
3 w 371.907193 372.948763 10.000000 1 6 0.473677
3 w 122.712861 307.217765 10.000000 1 6 0.452870
3 w 285.937400 296.891253 10.000000 1 6 0.567066
3 t 11.009361 0.188189 6 10.608713
3 t 372.607030 373.191185 6 9.569463
3 t 121.598181 307.906864 6 9.759319
3 t 286.658945 296.270392 6 9.661829
4 w 155.000581 462.644193 10.000000 1 6 0.400829
4 w 54.152586 164.117776 10.000000 1 6 0.508076
4 w 442.625987 5.667948 10.000000 1 6 0.441540
4 w 78.562159 368.151590 10.000000 1 6 0.444701
4 w 196.114956 25.306105 10.000000 1 6 0.451112
4 w 456.980667 54.253534 10.000000 1 6 0.503493
4 t 153.770879 462.547227 6 9.839812
4 t 53.829887 163.326530 6 10.009039
4 t 441.372911 6.651560 6 9.571312
4 t 77.615077 366.788233 6 10.436978
4 t 195.058921 24.488574 6 10.255690
4 t 457.053258 54.351580 6 9.635273
5 w 139.689050 286.292749 10.000000 1 6 0.455862
5 t 139.527579 286.036643 6 9.588671
6 w 204.418279 22.391524 10.000000 1 6 0.521314
6 w 410.098547 405.955496 10.000000 1 6 0.469902
6 w 122.720732 472.522367 10.000000 1 6 0.431908
6 w 74.705336 31.379842 10.000000 1 6 0.501904
6 w 181.349653 301.986620 10.000000 1 6 0.512320
6 t 205.878768 22.513217 6 9.598947
6 t 409.408148 406.652098 6 9.673951
6 t 122.583961 471.413210 6 9.704858
6 t 75.105506 32.194145 6 10.247537
6 t 180.375997 302.819047 6 10.581347
7 w 172.016470 394.846259 10.000000 1 6 0.511006
7 w 50.872389 462.431051 10.000000 1 6 0.439079
7 w 409.068949 183.258457 10.000000 1 6 0.509707
7 w 58.300701 25.217610 10.000000 1 6 0.589668
7 t 171.593091 396.075006 6 9.442153
7 t 51.441015 461.265855 6 9.964797
7 t 408.437864 183.096616 6 9.976606
7 t 59.072463 23.971300 6 10.082050
8 w 104.837924 241.790909 10.000000 1 6 0.535371
8 w 269.723525 161.363356 10.000000 1 6 0.442134
8 w 237.764626 316.329349 10.000000 1 6 0.561363
8 w 314.872670 135.489628 10.000000 1 6 0.488038
8 w 435.009898 24.611557 10.000000 1 6 0.464979
8 w 371.146854 241.491045 10.000000 1 6 0.523986
8 t 104.196095 242.873118 6 10.263714
8 t 269.310558 160.271987 6 11.033000
8 t 237.052698 317.121180 6 9.909619
8 t 313.526709 136.157721 6 10.118023
8 t 436.440119 23.594476 6 10.170803
8 t 372.197616 241.429312 6 10.094380
9 w 108.291096 135.532252 10.000000 1 6 0.523112
9 w 46.553830 44.451510 10.000000 1 6 0.443425
9 w 51.753941 365.522282 10.000000 1 6 0.561265
9 w 368.340443 362.175620 10.000000 1 6 0.516411
9 w 348.282480 275.853983 10.000000 1 6 0.467519
9 t 107.183465 134.801525 6 9.807446
9 t 47.118982 43.844942 6 9.403882
9 t 52.464802 364.902167 6 10.505445
9 t 367.014492 362.696853 6 9.748628
9 t 347.480277 274.587373 6 10.017182
10 w 282.885627 224.491946 10.000000 1 6 0.500567
10 w 86.067995 190.150688 10.000000 1 6 0.537455
10 t 281.779058 224.264569 6 10.263964
10 t 85.448545 190.798566 6 10.301013
12 w 249.806938 222.183328 10.000000 1 6 0.508739
12 w 9.776376 163.743729 10.000000 1 6 0.380823
12 w 157.395266 8.776683 10.000000 1 6 0.457791
12 w 461.301499 77.309620 10.000000 1 6 0.489999
12 w 80.318481 480.788284 10.000000 1 6 0.556577
12 t 249.545923 222.897635 6 10.478391
12 t 8.746281 163.381293 6 10.284275
12 t 156.193535 7.350134 6 9.131047
12 t 460.501866 78.642894 6 10.008327
12 t 81.813943 480.903721 6 9.616302
13 w 136.787709 301.860007 10.000000 1 6 0.480000
13 w 263.384191 445.944457 10.000000 1 6 0.479463
13 w 163.386077 495.021848 10.000000 1 6 0.508103
13 t 136.951552 301.485523 6 10.486041
13 t 262.918530 444.581661 6 10.423242
13 t 164.457148 496.387241 6 9.850608
14 w 327.931884 269.394908 10.000000 1 6 0.416635
14 w 468.768383 121.514208 10.000000 1 6 0.470354
14 w 228.451322 416.573034 10.000000 1 6 0.414787
14 w 312.497450 108.940500 10.000000 1 6 0.516538
14 w 231.713620 325.420484 10.000000 1 6 0.516494
14 t 326.891517 268.399035 6 10.069087
14 t 467.678186 120.911816 6 10.136516
14 t 228.657707 415.503957 6 9.651608
14 t 312.223318 110.095374 6 10.280089
14 t 232.775357 325.893548 6 10.047517
15 w 408.663172 208.169543 10.000000 1 6 0.458366
15 t 408.848791 209.644680 6 10.510687
16 w 215.547084 212.697255 10.000000 1 6 0.506364
16 w 23.238144 456.718737 10.000000 1 6 0.595112
16 w 24.870949 252.069025 10.000000 1 6 0.511816
16 w 247.438095 285.178035 10.000000 1 6 0.546523
16 t 215.030847 213.554047 6 9.701898
16 t 22.921452 457.172714 6 10.204583
16 t 25.614989 253.398356 6 10.148382
16 t 246.941008 283.821344 6 9.793374
18 w 133.767816 265.998524 10.000000 1 6 0.521482
18 w 370.574253 496.444619 10.000000 1 6 0.592489
18 t 135.157626 267.013431 6 9.898796
18 t 370.952464 497.693834 6 10.220118
19 w 300.034972 243.030935 10.000000 1 6 0.497902
19 w 302.626548 300.942421 10.000000 1 6 0.459405
19 w 27.858201 153.437829 10.000000 1 6 0.437723
19 w 339.514082 233.504376 10.000000 1 6 0.551479
19 t 299.547649 243.352936 6 9.497523
19 t 302.894922 300.251313 6 10.118460
19 t 28.357081 154.390192 6 10.458127
19 t 340.270739 233.312384 6 10.290952
20 w 306.013150 443.164790 10.000000 1 6 0.471628
20 w 260.851472 390.700611 10.000000 1 6 0.521748
20 w 304.116681 441.872258 10.000000 1 6 0.440064
20 w 129.681947 473.280357 10.000000 1 6 0.474917
20 t 304.586365 444.450101 6 9.495695
20 t 259.599948 389.745211 6 9.914095
20 t 302.966197 443.261560 6 8.936023
20 t 130.705625 473.711524 6 9.612595
21 w 9.391237 480.855157 10.000000 1 6 0.436442
21 t 9.319987 479.494532 6 10.201458
22 w 206.214286 304.398034 10.000000 1 6 0.543421
22 w 209.885712 34.030207 10.000000 1 6 0.484963
22 w 261.904340 133.985061 10.000000 1 6 0.513548
22 w 422.746828 176.540526 10.000000 1 6 0.460204
22 w 339.248736 379.212115 10.000000 1 6 0.487117
22 t 207.558739 303.829431 6 10.454403
22 t 210.916712 32.623296 6 10.018770
22 t 262.037710 133.453210 6 10.456527
22 t 422.237338 175.469253 6 9.883401
22 t 338.881913 378.020876 6 9.911411
23 w 212.591049 124.887369 10.000000 1 6 0.492371
23 w 135.023202 428.778244 10.000000 1 6 0.516124
23 w 435.562043 18.388027 10.000000 1 6 0.574771
23 w 319.259598 309.585304 10.000000 1 6 0.518718
23 w 402.557146 441.563397 10.000000 1 6 0.495643
23 w 26.417023 231.203522 10.000000 1 6 0.491987
23 w 2.330694 478.720317 10.000000 1 6 0.555517
23 w 377.403808 78.505251 10.000000 1 6 0.572689
23 w 93.343389 63.483498 10.000000 1 6 0.527243
23 w 305.597992 434.106672 10.000000 1 6 0.557083
23 t 212.439810 125.114233 6 9.472638
23 t 134.226120 429.092935 6 8.977375
23 t 434.425242 17.585045 6 9.787103
23 t 318.463801 308.757007 6 9.711559
23 t 401.341602 442.043586 6 9.753605
23 t 25.843565 230.676227 6 10.402537
23 t 2.989418 477.444019 6 10.056825
23 t 378.288706 78.574595 6 9.648496
23 t 94.799793 62.089733 6 10.163402
23 t 305.698631 433.752760 6 9.307824
24 w 410.465003 127.252933 10.000000 1 6 0.489416
24 w 336.778915 197.208846 10.000000 1 6 0.538908
24 w 387.197750 231.392191 10.000000 1 6 0.450255
24 w 305.824989 303.225078 10.000000 1 6 0.580524
24 w 438.665923 483.422316 10.000000 1 6 0.533727
24 t 409.478893 127.532134 6 10.649858
24 t 337.916599 197.689003 6 9.916268
24 t 387.620726 232.109702 6 9.347720
24 t 306.455145 303.863778 6 9.725377
24 t 437.815030 482.458340 6 10.680786
25 w 336.741403 182.519659 10.000000 1 6 0.522672
25 w 473.466889 375.782864 10.000000 1 6 0.487295
25 w 432.936690 99.387683 10.000000 1 6 0.487693
25 t 336.265617 183.114633 6 9.875008
25 t 473.169611 376.827589 6 9.911420
25 t 434.227514 98.202436 6 10.174369
26 w 470.606704 230.296946 10.000000 1 6 0.477721
26 w 196.214010 484.275833 10.000000 1 6 0.556927
26 w 458.689592 168.241713 10.000000 1 6 0.548807
26 w 487.166453 347.274387 10.000000 1 6 0.338191
26 w 154.865223 132.020731 10.000000 1 6 0.555911
26 w 20.274577 296.428466 10.000000 1 6 0.503996
26 t 469.237679 230.996215 6 9.599766
26 t 194.950425 482.781779 6 9.635634
26 t 457.994595 169.737167 6 9.425591
26 t 487.214472 345.858728 6 9.831947
26 t 155.106157 132.504307 6 9.925926
26 t 21.504908 296.110257 6 9.955097
27 w 89.313138 357.762941 10.000000 1 6 0.595388
27 t 89.662212 357.040840 6 10.043192
28 w 153.446635 188.209230 10.000000 1 6 0.466180
28 w 205.621576 360.091962 10.000000 1 6 0.516150
28 w 225.804507 419.941558 10.000000 1 6 0.573108
28 w 454.780069 93.903348 10.000000 1 6 0.414477
28 w 496.612322 408.916007 10.000000 1 6 0.587052
28 t 154.390465 186.814840 6 9.585246
28 t 205.943099 360.647806 6 10.418834
28 t 225.998108 420.030703 6 9.707560
28 t 454.851568 93.111106 6 10.506663
28 t 497.044706 407.516470 6 10.416481
29 w 215.777456 120.803653 10.000000 1 6 0.582868
29 w 231.278096 18.091229 10.000000 1 6 0.464945
29 w 182.895488 7.225443 10.000000 1 6 0.579674
29 t 215.903049 121.834940 6 10.005690
29 t 231.871353 16.798546 6 10.438795
29 t 181.638714 7.361673 6 10.276546
30 w 320.055380 265.135407 10.000000 1 6 0.544309
30 w 108.149079 248.009594 10.000000 1 6 0.627188
30 w 73.645216 299.451811 10.000000 1 6 0.509776
30 w 185.023096 405.060524 10.000000 1 6 0.499703
30 t 321.453970 264.635799 6 10.314452
30 t 108.823386 248.781609 6 10.303327
30 t 72.256645 298.448384 6 9.420790
30 t 185.133358 404.413739 6 10.019579
31 w 420.885302 22.614557 10.000000 1 6 0.503982
31 w 92.988737 334.866512 10.000000 1 6 0.452264
31 w 254.585671 35.318795 10.000000 1 6 0.488810
31 w 85.040355 29.615679 10.000000 1 6 0.505421
31 w 117.333355 383.998069 10.000000 1 6 0.534750
31 t 421.542412 22.835297 6 9.374332
31 t 93.900147 334.288092 6 10.161952
31 t 255.778446 33.932171 6 9.952383
31 t 85.702541 30.003904 6 10.037930
31 t 116.201678 384.326224 6 10.116620
32 w 374.091784 39.557430 10.000000 1 6 0.538109
32 w 346.512197 35.403925 10.000000 1 6 0.480142
32 w 178.636478 317.671834 10.000000 1 6 0.434058
32 w 224.554203 316.506671 10.000000 1 6 0.511026
32 t 373.483582 38.983724 6 9.579745
32 t 345.364525 36.111773 6 10.027093
32 t 177.732142 319.035554 6 10.555097
32 t 223.060397 315.322894 6 10.526436
33 w 41.265671 205.795397 10.000000 1 6 0.532080
33 w 188.807093 39.234702 10.000000 1 6 0.483710
33 w 98.335395 246.173060 10.000000 1 6 0.474674
33 w 244.943975 149.826308 10.000000 1 6 0.548238
33 w 430.577711 389.656930 10.000000 1 6 0.520651
33 w 160.310999 222.599426 10.000000 1 6 0.505698
33 w 357.178166 85.317181 10.000000 1 6 0.423917
33 w 292.456869 466.690272 10.000000 1 6 0.529648
33 t 41.044907 205.885248 6 9.649936
33 t 188.981070 38.356461 6 9.826165
33 t 97.218826 246.266545 6 10.618874
33 t 244.899414 149.842641 6 10.105382
33 t 431.026027 388.664919 6 9.830813
33 t 159.113272 223.785585 6 10.760190
33 t 358.256352 83.905986 6 9.443622
33 t 293.339863 465.586704 6 10.013018
34 w 255.940143 166.440710 10.000000 1 6 0.499672
34 w 40.843209 102.796178 10.000000 1 6 0.561979
34 w 377.730038 212.469482 10.000000 1 6 0.474523
34 w 109.393031 54.240780 10.000000 1 6 0.559089
34 w 346.201499 402.484405 10.000000 1 6 0.497509
34 w 370.786537 336.930013 10.000000 1 6 0.572784
34 w 204.392870 166.215495 10.000000 1 6 0.478483
34 w 329.927853 267.957653 10.000000 1 6 0.473392
34 t 255.854293 166.602907 6 9.314489
34 t 41.934083 103.478855 6 10.179560
34 t 378.864237 211.662909 6 10.100247
34 t 107.970103 55.563537 6 10.073597
34 t 344.864109 401.297422 6 9.861220
34 t 370.285924 336.228622 6 10.561112
34 t 204.963648 167.050698 6 10.363898
34 t 330.930277 268.282035 6 9.480713
35 w 110.947092 113.710271 10.000000 1 6 0.495673
35 w 120.549433 384.625855 10.000000 1 6 0.431838
35 t 111.287167 114.640804 6 10.142381
35 t 121.877649 383.969179 6 10.172951
36 w 223.560795 188.422084 10.000000 1 6 0.539208
36 w 73.067232 142.973422 10.000000 1 6 0.468516
36 w 327.330427 418.775921 10.000000 1 6 0.467321
36 t 224.507043 189.860228 6 9.836482
36 t 71.644524 142.296470 6 9.569639
36 t 325.995543 417.874512 6 10.285998
37 w 371.058384 30.124459 10.000000 1 6 0.633386
37 w 165.633209 139.889237 10.000000 1 6 0.537594
37 t 371.297210 30.894824 6 10.055973
37 t 166.538463 138.966295 6 9.800536
38 w 13.846281 242.869384 10.000000 1 6 0.496438
38 w 14.341731 346.941161 10.000000 1 6 0.549777
38 t 12.609898 243.757002 6 9.966685
38 t 13.965912 347.725386 6 10.423485
39 w 136.457270 153.423658 10.000000 1 6 0.526603
39 w 333.706025 63.418049 10.000000 1 6 0.429074
39 w 186.137710 411.290672 10.000000 1 6 0.427657
39 w 45.971225 489.172291 10.000000 1 6 0.480019
39 w 437.081014 104.734607 10.000000 1 6 0.474453
39 w 151.309056 384.574504 10.000000 1 6 0.454282
39 w 188.380018 23.446535 10.000000 1 6 0.486897
39 w 194.736478 177.710302 10.000000 1 6 0.481251
39 w 19.226691 264.158226 10.000000 1 6 0.461555
39 t 135.336210 153.086074 6 9.302312
39 t 334.010898 64.586334 6 10.142740
39 t 186.894031 411.733212 6 9.313510
39 t 44.544463 490.602700 6 9.896955
39 t 436.497102 103.646173 6 10.085322
39 t 150.944918 384.496520 6 10.343110
39 t 188.436629 24.407186 6 9.321873
39 t 194.552021 178.966196 6 9.608245
39 t 18.465592 262.885503 6 10.243986
40 w 493.032504 215.812274 10.000000 1 6 0.480388
40 w 247.370718 138.579033 10.000000 1 6 0.505817
40 t 493.551941 214.736430 6 10.132674
40 t 248.258067 139.233605 6 9.534582
41 w 86.611192 107.310940 10.000000 1 6 0.490576
41 t 85.750657 106.199629 6 10.133567
42 w 126.544348 271.736740 10.000000 1 6 0.448526
42 w 94.089704 454.747924 10.000000 1 6 0.370980
42 w 430.696608 240.166260 10.000000 1 6 0.483827
42 w 441.659697 176.374018 10.000000 1 6 0.556580
42 t 125.778223 271.591125 6 10.085079
42 t 94.576469 454.519971 6 9.630636
42 t 429.582417 239.637256 6 10.229734
42 t 443.083033 175.843718 6 9.776736
43 w 79.755756 38.826760 10.000000 1 6 0.432176
43 w 31.227293 392.543716 10.000000 1 6 0.506584
43 w 22.423436 492.000412 10.000000 1 6 0.437937
43 w 318.849959 193.728218 10.000000 1 6 0.456200
43 t 78.973644 40.058823 6 10.495441
43 t 30.085923 392.027089 6 10.284920
43 t 21.756517 490.899040 6 10.168942
43 t 318.976910 192.731889 6 9.689577
44 w 14.610034 119.029672 10.000000 1 6 0.564680
44 t 13.726166 119.465330 6 10.019800
45 w 426.199667 482.569580 10.000000 1 6 0.518222
45 t 425.529584 482.744752 6 10.303616
46 w 439.020499 454.869883 10.000000 1 6 0.558016
46 w 23.032884 14.720280 10.000000 1 6 0.537428
46 w 474.601221 152.726848 10.000000 1 6 0.512452
46 w 76.375091 427.867154 10.000000 1 6 0.556255
46 t 438.465664 455.274128 6 9.924289
46 t 22.425900 15.693186 6 10.251215
46 t 475.641873 151.543613 6 9.727859
46 t 75.329624 428.787025 6 9.704964
47 w 418.498636 489.311452 10.000000 1 6 0.535703
47 w 150.113623 224.425439 10.000000 1 6 0.495100
47 w 151.518297 386.136067 10.000000 1 6 0.445355
47 w 173.896668 385.325564 10.000000 1 6 0.495524
47 w 142.266552 19.553228 10.000000 1 6 0.541542
47 t 417.257626 489.883601 6 9.626578
47 t 149.932100 225.555455 6 9.909342
47 t 150.729969 386.451789 6 10.288037
47 t 173.484665 385.548197 6 9.651096
47 t 140.954398 19.976918 6 10.136968
48 w 37.127478 335.620297 10.000000 1 6 0.553711
48 w 398.437186 306.892380 10.000000 1 6 0.517980
48 w 378.730645 218.752705 10.000000 1 6 0.422991
48 w 295.831870 15.269069 10.000000 1 6 0.485929
48 w 409.498340 343.234983 10.000000 1 6 0.471608
48 w 102.037191 81.772202 10.000000 1 6 0.507675
48 t 36.884253 335.614118 6 10.200144
48 t 399.332122 307.154302 6 10.384792
48 t 377.808470 218.048662 6 10.775543
48 t 296.970159 15.176834 6 9.947289
48 t 408.239150 344.248818 6 10.257643
48 t 101.769917 81.488339 6 9.871294
49 w 357.955143 401.164494 10.000000 1 6 0.464638
49 w 498.112325 277.621058 10.000000 1 6 0.537680
49 t 358.158542 402.201762 6 9.703583
49 t 496.776662 278.439617 6 9.916218
50 w 215.349158 385.035685 10.000000 1 6 0.505497
50 w 331.908415 359.886566 10.000000 1 6 0.536197
50 w 65.757928 446.735097 10.000000 1 6 0.486131
50 w 207.592105 39.606048 10.000000 1 6 0.530654
50 w 201.471875 193.015185 10.000000 1 6 0.470952
50 w 265.392746 126.712244 10.000000 1 6 0.554257
50 w 345.520157 390.966304 10.000000 1 6 0.483748
50 w 475.572743 120.625646 10.000000 1 6 0.498178
50 t 216.460745 385.889067 6 9.848154
50 t 331.461575 361.187237 6 9.970118
50 t 64.784582 447.040995 6 10.272904
50 t 208.450547 39.595489 6 10.130421
50 t 200.277903 192.039036 6 9.333696
50 t 265.054905 126.974693 6 9.548948
50 t 345.388369 390.500047 6 10.061090
50 t 476.305455 121.778387 6 9.981225
51 w 66.763464 220.919714 10.000000 1 6 0.501586
51 w 59.855536 147.007974 10.000000 1 6 0.446122
51 w 83.019669 378.271814 10.000000 1 6 0.425200
51 t 66.314676 220.936668 6 10.137125
51 t 59.183949 146.063769 6 10.381507
51 t 83.207241 376.889678 6 10.081580
52 w 191.781186 101.965050 10.000000 1 6 0.502258
52 t 191.430928 102.161558 6 10.186083
53 w 228.829274 177.853503 10.000000 1 6 0.490747
53 w 49.382527 116.655329 10.000000 1 6 0.450934
53 w 122.301066 432.771504 10.000000 1 6 0.470220
53 w 204.901754 328.046450 10.000000 1 6 0.529583
53 t 229.180114 176.473005 6 9.951419
53 t 47.907259 117.957776 6 10.004306
53 t 122.479186 433.335492 6 10.255211
53 t 205.587664 327.509617 6 10.067060
54 w 34.961362 360.916312 10.000000 1 6 0.541677
54 w 403.431767 294.292844 10.000000 1 6 0.504561
54 t 35.427161 360.269870 6 9.412594
54 t 402.989379 295.101164 6 9.835159
55 w 250.997354 17.752701 10.000000 1 6 0.481886
55 w 102.771192 439.353013 10.000000 1 6 0.605541
55 t 250.709397 16.509683 6 9.612828
55 t 101.734608 439.513295 6 9.582984
56 w 56.100983 337.895464 10.000000 1 6 0.453399
56 w 287.709559 221.400970 10.000000 1 6 0.598450
56 w 289.286324 174.474195 10.000000 1 6 0.609977
56 w 164.899676 462.889389 10.000000 1 6 0.561452
56 w 369.730628 326.566183 10.000000 1 6 0.571035
56 w 442.527834 264.536326 10.000000 1 6 0.573884
56 t 55.799645 338.822174 6 10.257060
56 t 289.150423 220.008354 6 10.468075
56 t 289.417320 173.499381 6 9.870162
56 t 166.368320 463.299334 6 9.689650
56 t 370.551476 326.846757 6 10.172912
56 t 442.875427 265.798570 6 9.999456
57 w 216.286546 13.063371 10.000000 1 6 0.519467
57 w 46.780662 128.786932 10.000000 1 6 0.510440
57 w 43.279497 369.254691 10.000000 1 6 0.469997
57 w 238.599230 358.344103 10.000000 1 6 0.488324
57 w 134.337352 254.318236 10.000000 1 6 0.553546
57 t 215.015193 13.640462 6 10.281070
57 t 46.287173 127.855149 6 10.220443
57 t 42.055956 369.206455 6 10.493223
57 t 238.332863 358.611779 6 9.518184
57 t 135.140951 255.751271 6 9.946709
58 w 496.623306 261.444326 10.000000 1 6 0.481106
58 w 104.325568 214.916945 10.000000 1 6 0.462839
58 w 386.306794 264.432389 10.000000 1 6 0.511771
58 w 57.079804 490.528481 10.000000 1 6 0.542002
58 w 456.409890 30.708608 10.000000 1 6 0.434375
58 t 497.045869 261.931553 6 9.860747
58 t 104.647391 215.956347 6 9.691344
58 t 387.581934 264.314628 6 9.669751
58 t 56.168345 489.783675 6 9.384855
58 t 456.235865 32.148964 6 9.880227
59 w 219.596268 231.774846 10.000000 1 6 0.502602
59 w 429.311155 439.412803 10.000000 1 6 0.444436
59 w 468.268611 406.235765 10.000000 1 6 0.486590
59 w 214.411469 498.253312 10.000000 1 6 0.412433
59 w 171.286382 420.684757 10.000000 1 6 0.470757
59 w 363.227585 461.752300 10.000000 1 6 0.600369
59 w 23.685610 238.803117 10.000000 1 6 0.513470
59 w 302.845266 198.882978 10.000000 1 6 0.583934
59 w 448.653776 142.468463 10.000000 1 6 0.549890
59 w 179.662174 408.608664 10.000000 1 6 0.496603
59 w 295.111160 24.462048 10.000000 1 6 0.487706
59 t 220.628456 233.167511 6 9.709785
59 t 430.782408 438.847867 6 10.049785
59 t 469.658276 407.063708 6 10.012789
59 t 214.758623 497.284909 6 9.671192
59 t 170.249743 421.941934 6 9.359385
59 t 364.129907 461.736942 6 9.603727
59 t 23.262717 237.384789 6 10.190748
59 t 302.437378 199.710532 6 10.458404
59 t 447.573723 142.526711 6 9.643096
59 t 178.618393 408.135190 6 10.424277
59 t 294.950379 25.092400 6 10.386088
60 w 319.621137 424.290416 10.000000 1 6 0.558513
60 w 204.805070 321.274072 10.000000 1 6 0.514384
60 t 319.743898 425.788787 6 10.204413
60 t 206.261385 320.693307 6 9.428664
61 w 264.454525 226.074452 10.000000 1 6 0.453300
61 w 449.278156 403.839299 10.000000 1 6 0.532476
61 w 55.608907 476.873987 10.000000 1 6 0.480221
61 w 65.042245 489.348498 10.000000 1 6 0.555223
61 w 435.149208 221.073677 10.000000 1 6 0.548804
61 w 2.970511 305.872581 10.000000 1 6 0.546915
61 w 328.002888 314.294149 10.000000 1 6 0.558967
61 t 264.270984 225.224269 6 9.326484
61 t 450.043046 404.967275 6 9.913990
61 t 56.785921 477.178546 6 9.741813
61 t 65.326487 489.693515 6 9.748799
61 t 436.279933 222.006703 6 10.149792
61 t 2.305745 306.138874 6 9.996850
61 t 328.188510 314.304008 6 10.141525
62 w 113.356114 263.824884 10.000000 1 6 0.498456
62 w 22.051375 327.106180 10.000000 1 6 0.511246
62 w 449.753325 463.686006 10.000000 1 6 0.517088
62 w 151.942476 24.182604 10.000000 1 6 0.482952
62 t 114.198489 264.448622 6 10.067674
62 t 22.941569 326.580615 6 10.455137
62 t 448.494750 463.641041 6 10.547629
62 t 151.920815 25.382069 6 10.297061
63 w 280.411739 95.771961 10.000000 1 6 0.442045
63 w 345.177976 291.325084 10.000000 1 6 0.434949
63 w 320.501170 9.060243 10.000000 1 6 0.512635
63 t 279.414496 94.669577 6 9.562769
63 t 345.493379 291.502972 6 10.490690
63 t 319.281121 9.801969 6 10.069314
64 w 64.395370 223.765448 10.000000 1 6 0.523627
64 w 81.072368 344.770021 10.000000 1 6 0.501021
64 w 296.620991 249.183099 10.000000 1 6 0.488481
64 t 64.824180 223.964892 6 9.134165
64 t 80.297761 345.598161 6 9.704991
64 t 295.629081 249.503366 6 10.090565
65 w 201.721217 257.665428 10.000000 1 6 0.470178
65 w 316.116600 24.879625 10.000000 1 6 0.535591
65 w 427.598085 219.241642 10.000000 1 6 0.528995
65 w 145.285479 290.425075 10.000000 1 6 0.440687
65 w 286.329673 410.284504 10.000000 1 6 0.508396
65 t 200.558386 256.743289 6 9.817816
65 t 315.763377 24.714861 6 10.036404
65 t 427.868863 218.445700 6 10.880164
65 t 146.541930 289.270466 6 10.251300
65 t 287.403141 409.811747 6 9.821240
66 w 273.522833 22.609757 10.000000 1 6 0.452819
66 w 49.412516 372.256475 10.000000 1 6 0.546191
66 t 274.474524 21.953247 6 10.125493
66 t 49.495211 370.946220 6 9.806005
67 w 363.370166 127.440399 10.000000 1 6 0.460632
67 w 418.731776 383.066689 10.000000 1 6 0.430795
67 w 409.338172 494.999106 10.000000 1 6 0.480404
67 w 39.118515 482.062712 10.000000 1 6 0.483537
67 w 487.838074 359.125875 10.000000 1 6 0.493505
67 w 488.259764 463.544116 10.000000 1 6 0.440438
67 w 35.247038 38.722975 10.000000 1 6 0.419485
67 w 88.341081 28.010258 10.000000 1 6 0.507815
67 t 363.219256 128.133875 6 9.687953
67 t 419.577819 382.859258 6 9.692936
67 t 408.907381 495.131726 6 9.840416
67 t 38.397650 480.967667 6 9.890426
67 t 488.480013 359.395921 6 10.319583
67 t 487.182176 462.490507 6 10.200003
67 t 34.647294 38.566566 6 10.702101
67 t 88.431962 26.859744 6 9.870659
68 w 294.125587 219.488744 10.000000 1 6 0.554254
68 w 138.347015 55.726978 10.000000 1 6 0.499124
68 w 161.927029 46.225806 10.000000 1 6 0.591471
68 w 395.168607 262.093024 10.000000 1 6 0.544869
68 w 218.568912 65.976561 10.000000 1 6 0.481718
68 t 294.768189 220.288006 6 9.921790
68 t 138.324952 57.150476 6 10.313210
68 t 162.604132 47.283718 6 10.482822
68 t 396.438247 260.880854 6 10.225491
68 t 218.557110 65.694022 6 9.803786
69 w 80.598898 283.911952 10.000000 1 6 0.547661
69 w 312.445141 357.571132 10.000000 1 6 0.537610
69 w 263.049109 465.169167 10.000000 1 6 0.503399
69 w 91.975997 431.526421 10.000000 1 6 0.539264
69 t 79.254119 283.484300 6 9.913630
69 t 312.457241 358.414417 6 9.401105
69 t 263.937144 465.109995 6 9.600017
69 t 91.193506 432.645414 6 10.075561
70 w 312.044174 323.456325 10.000000 1 6 0.517309
70 w 335.575438 327.147206 10.000000 1 6 0.541061
70 w 350.599977 52.706289 10.000000 1 6 0.462953
70 t 312.985813 322.074011 6 10.502998
70 t 334.276843 327.567789 6 9.792309
70 t 350.202924 52.304168 6 9.821301
71 w 229.804470 474.828451 10.000000 1 6 0.477012
71 w 182.863219 169.025026 10.000000 1 6 0.492079
71 w 187.584633 279.605702 10.000000 1 6 0.484812
71 w 171.561105 498.346093 10.000000 1 6 0.502452
71 t 228.775030 475.272607 6 10.132390
71 t 184.324566 169.508445 6 9.690774
71 t 186.277645 278.631013 6 9.202814
71 t 171.865571 499.610128 6 9.307394
72 w 384.445981 310.263879 10.000000 1 6 0.420630
72 w 225.893479 226.341242 10.000000 1 6 0.432727
72 w 310.809764 289.245187 10.000000 1 6 0.516748
72 w 337.330646 278.558904 10.000000 1 6 0.433784
72 w 439.786134 411.878013 10.000000 1 6 0.461774
72 t 382.952342 309.204882 6 9.632734
72 t 225.571177 226.708623 6 10.207605
72 t 311.729705 288.848521 6 10.385383
72 t 336.935667 279.186754 6 10.178452
72 t 438.632431 410.605481 6 10.655427
73 w 244.782032 354.644464 10.000000 1 6 0.527601
73 w 84.896528 469.240179 10.000000 1 6 0.499032
73 w 265.424338 265.898542 10.000000 1 6 0.466114
73 w 137.582611 399.530399 10.000000 1 6 0.452788
73 t 243.523646 354.760319 6 10.241550
73 t 86.285094 467.770131 6 10.104597
73 t 265.745143 265.087568 6 9.571047
73 t 138.126721 400.576711 6 9.972180
74 w 449.788397 181.376323 10.000000 1 6 0.446743
74 w 465.773804 362.685277 10.000000 1 6 0.530422
74 t 449.640216 180.131467 6 10.024305
74 t 465.901934 363.494880 6 10.073075
75 w 81.930370 202.546604 10.000000 1 6 0.484192
75 w 231.886568 98.914730 10.000000 1 6 0.564866
75 w 292.617006 80.358717 10.000000 1 6 0.424713
75 w 152.345275 101.793529 10.000000 1 6 0.523212
75 t 80.850138 203.661900 6 9.961232
75 t 231.022139 99.635221 6 10.360524
75 t 293.238811 79.924545 6 10.147040
75 t 151.072840 102.782796 6 9.851993
76 w 461.538803 171.958367 10.000000 1 6 0.455692
76 w 266.557005 56.263556 10.000000 1 6 0.490621
76 w 153.076418 343.116803 10.000000 1 6 0.507693
76 w 254.775340 261.035204 10.000000 1 6 0.516284
76 t 462.334062 172.057235 6 9.943474
76 t 265.956984 55.102489 6 10.052087
76 t 152.046136 341.910163 6 10.184767
76 t 256.005915 260.338615 6 10.591411
77 w 338.152068 311.120120 10.000000 1 6 0.461024
77 w 144.724167 58.424739 10.000000 1 6 0.523320
77 w 185.257802 105.340980 10.000000 1 6 0.481418
77 w 142.726055 70.643113 10.000000 1 6 0.586437
77 t 338.751185 310.942083 6 9.360983
77 t 145.144778 59.391945 6 9.999520
77 t 183.915034 106.320147 6 10.584173
77 t 142.543761 70.324962 6 10.044208
78 w 178.909835 56.165754 10.000000 1 6 0.577941
78 w 421.782361 262.207568 10.000000 1 6 0.454061
78 w 346.039073 308.221980 10.000000 1 6 0.509052
78 w 156.507063 469.790933 10.000000 1 6 0.460051
78 w 362.875227 190.764996 10.000000 1 6 0.480597
78 w 319.941157 108.273790 10.000000 1 6 0.473432
78 w 334.348340 77.756095 10.000000 1 6 0.593713
78 w 475.728721 375.626137 10.000000 1 6 0.449580
78 t 180.345528 56.183534 6 9.826465
78 t 422.668081 262.442935 6 10.552754
78 t 345.731587 308.658983 6 10.151646
78 t 155.441441 470.215220 6 10.004193
78 t 361.393020 189.751430 6 9.941290
78 t 320.114798 107.917655 6 10.708682
78 t 333.007743 78.397913 6 9.557759
78 t 476.428662 376.645794 6 10.212192
79 w 234.860465 233.613305 10.000000 1 6 0.528057
79 t 233.858730 234.172801 6 10.557008
80 w 107.725533 226.300970 10.000000 1 6 0.479182
80 w 319.420186 493.216123 10.000000 1 6 0.603603
80 w 462.187628 201.668751 10.000000 1 6 0.507841
80 w 429.909179 292.467628 10.000000 1 6 0.491609
80 t 107.846661 225.758097 6 10.673474
80 t 319.544211 491.803434 6 10.347158
80 t 461.666363 200.301151 6 10.208965
80 t 428.652759 292.679223 6 9.385834
81 w 151.239189 3.364565 10.000000 1 6 0.567381
81 w 374.732241 84.218701 10.000000 1 6 0.367395
81 t 149.813007 2.173643 6 9.447082
81 t 373.985297 85.168682 6 9.670703
82 w 203.871881 234.174814 10.000000 1 6 0.436860
82 w 223.136300 194.570285 10.000000 1 6 0.428656
82 w 440.455472 234.062076 10.000000 1 6 0.442642
82 w 148.291371 203.021334 10.000000 1 6 0.514019
82 t 203.516950 234.789354 6 10.005644
82 t 224.084962 194.948550 6 10.325083
82 t 440.272312 233.785007 6 9.412188
82 t 149.687167 202.614662 6 10.241071
83 w 355.996898 454.271846 10.000000 1 6 0.490992
83 w 97.337463 202.644888 10.000000 1 6 0.516802
83 w 329.598397 356.609414 10.000000 1 6 0.473384
83 w 47.584728 425.452148 10.000000 1 6 0.508128
83 w 101.226597 393.920785 10.000000 1 6 0.509859
83 w 67.808316 226.759560 10.000000 1 6 0.481844
83 w 117.287238 197.701181 10.000000 1 6 0.530467
83 w 141.229566 399.049848 10.000000 1 6 0.430850
83 t 355.644807 454.569095 6 9.440761
83 t 97.011208 201.653467 6 10.289544
83 t 330.159995 356.752455 6 9.521503
83 t 47.499949 426.084464 6 10.377432
83 t 99.799233 393.981505 6 9.933307
83 t 69.120905 225.426624 6 9.826487
83 t 116.398655 197.693932 6 10.727268
83 t 140.854233 397.630174 6 9.529598
84 w 337.151685 31.111017 10.000000 1 6 0.543299
84 w 119.299986 197.790392 10.000000 1 6 0.550221
84 w 258.597904 219.757972 10.000000 1 6 0.584952
84 w 21.231462 203.481157 10.000000 1 6 0.468688
84 w 360.887155 291.412488 10.000000 1 6 0.484305
84 t 337.106932 32.234703 6 9.473222
84 t 117.906994 198.005411 6 9.963241
84 t 258.369788 219.977731 6 10.382258
84 t 21.029666 204.021702 6 10.021235
84 t 360.143536 292.431777 6 9.601901
85 w 254.060855 401.934639 10.000000 1 6 0.497302
85 w 80.209322 137.169886 10.000000 1 6 0.463644
85 w 270.259186 134.692168 10.000000 1 6 0.506450
85 t 254.068668 403.218351 6 10.102584
85 t 81.631364 135.929835 6 10.532339
85 t 271.700369 136.013751 6 9.772199
86 w 341.192359 423.209797 10.000000 1 6 0.509734
86 w 88.489323 64.711801 10.000000 1 6 0.490920
86 w 324.012099 382.096038 10.000000 1 6 0.531773
86 w 459.697166 295.531912 10.000000 1 6 0.429699
86 w 97.837071 398.589558 10.000000 1 6 0.503784
86 t 340.409139 421.883425 6 10.058501
86 t 87.780508 64.192263 6 9.802214
86 t 323.595873 383.401616 6 9.717754
86 t 460.390025 296.935043 6 10.019941
86 t 98.805523 399.503284 6 10.551752
87 w 413.597496 398.949487 10.000000 1 6 0.369338
87 w 149.314171 104.589923 10.000000 1 6 0.543013
87 w 154.897259 297.330920 10.000000 1 6 0.411447
87 t 413.850605 398.197890 6 10.148285
87 t 150.160842 104.134780 6 10.019294
87 t 154.589408 297.534873 6 10.422101
88 w 481.586831 30.818215 10.000000 1 6 0.465673
88 w 119.855624 248.138705 10.000000 1 6 0.525909
88 w 419.793439 26.252549 10.000000 1 6 0.519721
88 w 138.001462 340.302532 10.000000 1 6 0.433735
88 t 483.068464 32.180136 6 10.865437
88 t 118.863496 248.888357 6 10.660397
88 t 419.672636 25.906704 6 9.617436
88 t 138.964050 340.495697 6 10.121700
89 w 327.403111 205.364173 10.000000 1 6 0.497132
89 t 326.927365 206.011398 6 10.003686
90 w 161.515637 372.004615 10.000000 1 6 0.398135
90 w 445.424974 208.330729 10.000000 1 6 0.483799
90 w 216.146275 350.439387 10.000000 1 6 0.460046
90 w 301.886776 165.279697 10.000000 1 6 0.462751
90 w 438.020408 242.740302 10.000000 1 6 0.513388
90 t 161.576669 371.927424 6 10.048298
90 t 445.505704 208.672694 6 10.494517
90 t 215.217915 351.752450 6 10.010697
90 t 302.938651 164.593982 6 10.616581
90 t 439.487429 242.292237 6 9.553829
91 w 453.116192 365.705280 10.000000 1 6 0.513483
91 w 217.625949 109.112165 10.000000 1 6 0.531072
91 w 86.468456 4.194139 10.000000 1 6 0.534560
91 w 229.740192 219.264745 10.000000 1 6 0.572470
91 t 452.320600 364.327430 6 10.183592
91 t 218.983594 109.872111 6 9.673595
91 t 86.536844 4.510698 6 9.731209
91 t 228.285894 218.287557 6 10.108067
92 w 425.499731 41.028595 10.000000 1 6 0.423892
92 w 436.211940 257.017382 10.000000 1 6 0.551053
92 w 365.487041 315.335627 10.000000 1 6 0.449239
92 w 89.446155 54.003760 10.000000 1 6 0.493255
92 w 0.206633 406.190268 10.000000 1 6 0.545502
92 t 424.535634 42.437559 6 9.837074
92 t 435.358450 256.669589 6 10.490713
92 t 366.805302 315.165073 6 10.113671
92 t 89.113624 54.910249 6 9.813629
92 t -0.183495 407.036913 6 10.310719
93 w 471.919631 128.407846 10.000000 1 6 0.442180
93 w 392.946994 477.516033 10.000000 1 6 0.460148
93 t 471.516757 128.814561 6 10.025953
93 t 393.651811 477.840012 6 10.238953
94 w 385.161191 154.251889 10.000000 1 6 0.498159
94 w 62.852718 485.118786 10.000000 1 6 0.431446
94 w 125.027669 41.575909 10.000000 1 6 0.484907
94 w 194.886328 393.993859 10.000000 1 6 0.552572
94 t 386.287638 154.345799 6 10.441660
94 t 64.211214 485.606744 6 10.363785
94 t 126.312536 41.870379 6 10.391761
94 t 195.736178 393.827162 6 10.412189
95 w 51.581191 475.983823 10.000000 1 6 0.486993
95 w 144.013600 324.826339 10.000000 1 6 0.479056
95 w 369.947264 18.033740 10.000000 1 6 0.428018
95 t 50.552934 476.697134 6 9.988984
95 t 145.021908 324.776244 6 10.511344
95 t 370.783200 16.927935 6 10.391183
96 w 490.396015 303.114332 10.000000 1 6 0.502534
96 w 456.071340 448.528646 10.000000 1 6 0.485837
96 w 301.389595 209.198653 10.000000 1 6 0.535123
96 w 89.907287 420.070819 10.000000 1 6 0.507808
96 t 490.510019 302.932887 6 8.827097
96 t 455.519207 449.672271 6 9.683755
96 t 301.976690 208.888065 6 10.078265
96 t 88.487562 420.980491 6 10.389784
97 w 55.185312 111.634100 10.000000 1 6 0.475133
97 w 418.298255 241.958070 10.000000 1 6 0.545548
97 w 400.814058 405.362093 10.000000 1 6 0.456390
97 w 340.448568 128.626300 10.000000 1 6 0.590450
97 t 54.064126 111.208159 6 9.689191
97 t 418.616332 243.340655 6 9.916094
97 t 401.661967 405.217349 6 10.107002
97 t 340.828193 129.993359 6 9.983938
98 w 465.242050 78.689732 10.000000 1 6 0.510668
98 w 297.147764 60.159590 10.000000 1 6 0.483147
98 w 73.941730 127.619385 10.000000 1 6 0.540958
98 t 465.638511 77.803410 6 10.315370
98 t 297.921758 58.742918 6 10.503801
98 t 72.613083 127.831792 6 10.132159
99 w 218.792767 107.996302 10.000000 1 6 0.552945
99 w 317.460075 206.577701 10.000000 1 6 0.527030
99 w 337.898927 82.285187 10.000000 1 6 0.438245
99 w 420.609958 354.054989 10.000000 1 6 0.503197
99 t 218.200571 106.755032 6 9.661660
99 t 318.446337 207.399882 6 9.569353
99 t 338.006525 82.443155 6 8.831069
99 t 419.992046 353.243959 6 10.570834
100 w 21.600317 14.757509 10.000000 1 6 0.500656
100 w 143.215240 155.530110 10.000000 1 6 0.542709
100 t 20.950861 15.819233 6 10.423264
100 t 143.110563 156.230982 6 10.004356
101 w 410.615881 233.164565 10.000000 1 6 0.470852
101 w 234.770965 474.970402 10.000000 1 6 0.495380
101 w 446.069995 266.161422 10.000000 1 6 0.642197
101 w 480.275435 159.914063 10.000000 1 6 0.442355
101 t 411.109810 233.498927 6 9.519135
101 t 236.139489 473.554871 6 10.665901
101 t 445.097571 265.384230 6 10.054810
101 t 481.613925 161.291951 6 9.970518
102 w 386.539965 255.889092 10.000000 1 6 0.500727
102 w 427.898641 124.933967 10.000000 1 6 0.632017
102 w 4.363701 192.635428 10.000000 1 6 0.464844
102 w 60.968810 496.410951 10.000000 1 6 0.509926
102 w 92.939479 6.330963 10.000000 1 6 0.523315
102 w 355.580615 226.484833 10.000000 1 6 0.568309
102 t 385.092705 256.913791 6 10.712549
102 t 427.633837 124.298948 6 10.104639
102 t 5.856459 191.227233 6 9.944266
102 t 60.766455 495.888803 6 9.828131
102 t 91.988661 6.450738 6 10.055181
102 t 354.767215 227.213007 6 10.200749
103 w 358.783041 268.142594 10.000000 1 6 0.322082
103 w 281.570856 24.469665 10.000000 1 6 0.486132
103 w 369.649748 216.076739 10.000000 1 6 0.544406
103 w 172.864921 349.782634 10.000000 1 6 0.444089
103 w 409.360829 394.468666 10.000000 1 6 0.487160
103 w 198.445269 11.654299 10.000000 1 6 0.541325
103 w 396.344608 407.679278 10.000000 1 6 0.464855
103 w 192.765137 131.175576 10.000000 1 6 0.505693
103 w 175.005513 337.309024 10.000000 1 6 0.511296
103 t 357.334884 268.349026 6 9.842590
103 t 280.978332 25.788152 6 9.769867
103 t 369.375261 216.450708 6 9.966464
103 t 174.107310 348.552957 6 9.631045
103 t 409.500724 394.618707 6 10.204522
103 t 199.833308 12.027067 6 9.718339
103 t 396.883262 407.659002 6 10.149013
103 t 192.211171 131.826988 6 9.906704
103 t 175.306113 336.023185 6 9.519322
104 w 256.710411 339.326732 10.000000 1 6 0.565919
104 w 415.150815 17.012748 10.000000 1 6 0.529773
104 w 262.289671 228.285701 10.000000 1 6 0.533707
104 w 350.364475 207.612264 10.000000 1 6 0.541159
104 w 296.932219 403.646351 10.000000 1 6 0.532153
104 t 256.211815 339.717615 6 10.192792
104 t 414.404925 17.590863 6 9.907055
104 t 263.732067 227.848612 6 10.036691
104 t 350.324525 206.665264 6 10.523458
104 t 296.815965 402.473382 6 10.309722
105 w 431.514953 415.484402 10.000000 1 6 0.560694
105 w 441.934250 233.690680 10.000000 1 6 0.501493
105 w 260.905553 266.283729 10.000000 1 6 0.539069
105 w 364.392993 494.438992 10.000000 1 6 0.476390
105 t 430.810374 416.008509 6 9.940665
105 t 441.269790 233.059688 6 9.642912
105 t 260.879677 265.144690 6 10.123652
105 t 363.020713 493.905950 6 10.221464
106 w 282.977054 363.382329 10.000000 1 6 0.592009
106 w 55.150338 212.161527 10.000000 1 6 0.476750
106 w 53.656773 270.963956 10.000000 1 6 0.508640
106 w 265.184811 476.867526 10.000000 1 6 0.453407
106 w 180.939458 351.000808 10.000000 1 6 0.563577
106 w 395.818763 263.857062 10.000000 1 6 0.458248
106 t 281.976837 363.413815 6 10.385660
106 t 54.090861 212.988054 6 9.894081
106 t 52.913670 269.595397 6 10.266262
106 t 266.176700 477.271584 6 9.636626
106 t 179.999441 350.502364 6 9.904780
106 t 397.044353 263.242025 6 9.629584
107 w 274.710795 466.163583 10.000000 1 6 0.561782
107 w 218.138847 435.794509 10.000000 1 6 0.467202
107 w 499.816210 207.494723 10.000000 1 6 0.491204
107 w 112.281080 283.800514 10.000000 1 6 0.518712
107 w 143.022940 364.644325 10.000000 1 6 0.473928
107 w 118.046201 376.774692 10.000000 1 6 0.539773
107 w 442.863510 148.838000 10.000000 1 6 0.433161
107 t 273.955009 465.066291 6 10.142477
107 t 219.097161 436.605401 6 9.432095
107 t 501.184502 208.063789 6 9.072928
107 t 113.606614 284.618696 6 9.587793
107 t 142.847974 365.386090 6 10.121687
107 t 117.593604 376.267524 6 9.894818
107 t 444.154528 148.874186 6 10.087246
108 w 342.661848 118.104055 10.000000 1 6 0.507092
108 w 22.137810 426.800819 10.000000 1 6 0.446711
108 w 480.379645 386.459686 10.000000 1 6 0.552948
108 w 293.421009 58.746869 10.000000 1 6 0.536640
108 t 341.786589 118.059844 6 9.934163
108 t 21.067908 426.128804 6 10.338323
108 t 479.052492 387.292222 6 10.275767
108 t 292.804620 59.924681 6 9.962409
109 w 289.241781 120.528413 10.000000 1 6 0.551761
109 w 325.400233 8.213334 10.000000 1 6 0.543985
109 w 193.217363 260.119158 10.000000 1 6 0.531770
109 w 151.340718 24.749625 10.000000 1 6 0.499231
109 w 135.583512 432.913212 10.000000 1 6 0.589378
109 w 185.757966 56.367957 10.000000 1 6 0.500076
109 w 497.667040 125.110439 10.000000 1 6 0.534251
109 w 381.874158 425.789193 10.000000 1 6 0.475860
109 t 290.493982 119.486895 6 10.619602
109 t 325.983323 7.668107 6 9.746816
109 t 193.333005 260.651620 6 9.783076
109 t 151.534891 23.579955 6 9.847305
109 t 135.851536 431.495323 6 9.902754
109 t 186.374438 56.026928 6 9.370515
109 t 497.545483 125.428481 6 10.216491
109 t 382.208779 426.374942 6 9.657783
110 w 403.268675 429.275964 10.000000 1 6 0.525906
110 w 355.100489 270.367970 10.000000 1 6 0.507501
110 w 456.733923 32.603237 10.000000 1 6 0.502332
110 w 165.606882 492.584569 10.000000 1 6 0.408818
110 w 388.344851 96.439616 10.000000 1 6 0.465693
110 w 91.209014 170.888827 10.000000 1 6 0.469293
110 t 404.292000 429.353898 6 10.138769
110 t 355.378824 269.751930 6 10.257191
110 t 457.965717 32.678506 6 10.021681
110 t 166.383551 492.464936 6 10.699935
110 t 389.828361 96.357090 6 10.315162
110 t 91.951927 171.288934 6 9.976729
111 w 316.344984 345.587524 10.000000 1 6 0.512322
111 w 290.487959 497.131845 10.000000 1 6 0.467082
111 w 115.063229 324.158809 10.000000 1 6 0.615409
111 w 36.635075 84.901064 10.000000 1 6 0.490208
111 t 314.876199 345.684069 6 10.238301
111 t 289.994507 496.165159 6 9.976356
111 t 113.792821 323.773614 6 10.960970
111 t 35.567976 86.059619 6 11.012735
112 w 182.162327 188.594726 10.000000 1 6 0.507668
112 w 294.095408 110.427912 10.000000 1 6 0.453394
112 w 364.729356 315.068676 10.000000 1 6 0.576174
112 w 443.365266 312.388323 10.000000 1 6 0.536107
112 w 235.013560 88.213851 10.000000 1 6 0.477837
112 t 182.864112 187.791606 6 9.948048
112 t 294.508039 108.943435 6 9.445816
112 t 365.453347 314.577774 6 10.265490
112 t 443.604558 313.697904 6 10.209881
112 t 235.510922 87.435900 6 10.274381
113 w 344.853787 147.489495 10.000000 1 6 0.635465
113 w 408.972798 310.429088 10.000000 1 6 0.511963
113 w 429.791353 310.855112 10.000000 1 6 0.412754
113 w 144.922087 137.864766 10.000000 1 6 0.533131
113 w 52.125134 169.958886 10.000000 1 6 0.475539
113 w 106.341082 140.230959 10.000000 1 6 0.499253
113 w 254.869820 22.021029 10.000000 1 6 0.522425
113 t 344.076540 146.054041 6 10.327450
113 t 408.344102 309.083067 6 9.877138
113 t 430.901835 312.162438 6 9.427500
113 t 145.784917 137.596137 6 9.998513
113 t 53.571348 170.465361 6 10.171962
113 t 105.940621 139.723631 6 9.895875
113 t 254.271504 21.646645 6 10.205478
114 w 0.876524 83.427305 10.000000 1 6 0.486414
114 w 491.573840 27.472427 10.000000 1 6 0.443366
114 t 1.708154 84.512195 6 10.391935
114 t 491.866427 28.692916 6 9.064385
115 w 179.731857 470.860035 10.000000 1 6 0.517416
115 w 35.963879 20.112613 10.000000 1 6 0.376599
115 w 350.559024 301.512401 10.000000 1 6 0.516847
115 t 179.298040 471.829856 6 10.439906
115 t 36.910694 19.974544 6 9.998414
115 t 351.309338 301.178814 6 10.542955
116 w 171.294743 48.751554 10.000000 1 6 0.480069
116 w 29.983427 84.940700 10.000000 1 6 0.529842
116 w 44.522792 438.524767 10.000000 1 6 0.595576
116 t 170.866298 48.057685 6 9.482323
116 t 30.214599 84.131470 6 9.909439
116 t 44.938343 438.665891 6 8.862904
117 w 176.822303 493.951205 10.000000 1 6 0.463842
117 w 289.101590 106.113804 10.000000 1 6 0.530190
117 w 154.983560 297.936832 10.000000 1 6 0.467050
117 w 139.197391 209.415588 10.000000 1 6 0.511619
117 w 271.261899 424.881492 10.000000 1 6 0.513226
117 w 309.866368 25.185210 10.000000 1 6 0.494360
117 w 228.754614 409.729999 10.000000 1 6 0.472704
117 t 176.202929 493.320896 6 10.561982
117 t 290.452756 105.929194 6 9.862518
117 t 154.328421 297.551985 6 9.760201
117 t 137.828888 210.531243 6 9.636945
117 t 271.899589 425.931940 6 9.552230
117 t 308.490153 23.719368 6 9.901035
117 t 229.758571 410.739623 6 10.191593
118 w 432.590379 63.979648 10.000000 1 6 0.553412
118 w 432.038930 58.243711 10.000000 1 6 0.504826
118 w 473.317164 361.987450 10.000000 1 6 0.490653
118 w 164.066502 185.893897 10.000000 1 6 0.469340
118 w 427.539644 20.003978 10.000000 1 6 0.417650
118 w 483.217973 499.133359 10.000000 1 6 0.480135
118 t 432.378362 63.215899 6 10.260970
118 t 432.143369 58.404993 6 9.974572
118 t 473.655495 363.089096 6 10.555721
118 t 162.767087 186.432426 6 9.985104
118 t 427.618157 21.457638 6 9.712383
118 t 483.167987 498.802948 6 10.054330
119 w 103.694208 434.940969 10.000000 1 6 0.529098
119 w 160.996349 144.387657 10.000000 1 6 0.430049
119 w 460.319926 106.138946 10.000000 1 6 0.471238
119 w 428.609639 71.037091 10.000000 1 6 0.495649
119 w 189.542120 432.793092 10.000000 1 6 0.464230
119 w 93.218158 66.870853 10.000000 1 6 0.543677
119 t 104.727163 434.507594 6 9.328566
119 t 159.875182 144.896802 6 10.059489
119 t 458.944600 106.078843 6 9.759330
119 t 428.963460 69.912802 6 9.639453
119 t 189.196219 431.736817 6 9.936662
119 t 93.889318 65.735924 6 9.846601
120 w 68.053275 449.191552 10.000000 1 6 0.498722
120 w 297.418954 288.878084 10.000000 1 6 0.562906
120 w 493.773878 225.068769 10.000000 1 6 0.408665
120 w 374.188759 49.521485 10.000000 1 6 0.534066
120 t 67.943124 449.546380 6 9.752114
120 t 296.197011 290.053763 6 10.235508
120 t 493.353546 225.165585 6 9.614426
120 t 373.754270 49.186704 6 10.057071
121 w 11.246978 74.030701 10.000000 1 6 0.574835
121 w 369.006949 396.989418 10.000000 1 6 0.541910
121 t 11.518606 73.103587 6 9.117974
121 t 369.924172 396.422991 6 10.413901
